------annealing = 2000, numread = 400
sampleset info: {'timing': {'qpu_sampling_time': 947984.0, 'qpu_anneal_time_per_sample': 2000.0, 'qpu_readout_time_per_sample': 349.42, 'qpu_access_time': 958884.71, 'qpu_access_overhead_time': 1947.29, 'qpu_programming_time': 10900.71, 'qpu_delay_time_per_sample': 20.54, 'post_processing_overhead_time': 2030.0, 'total_post_processing_time': 2030.0}, 'problem_id': '5569d581-2fd0-45cd-9ebb-c5ee7e70d5c5', 'embedding_context': {'embedding': {1: (1237, 1232, 1104, 976), 0: (964, 972, 980), 2: (973, 981, 971), 3: (963, 966, 974, 982), 4: (1108, 978, 1106), 5: (1097, 969, 1111, 1103), 6: (983, 975, 970), 7: (977, 1105, 1233), 8: (968, 1096, 1110, 1102), 9: (1109, 979, 1107)}, 'chain_break_method': 'majority_vote', 'embedding_parameters': {}, 'chain_strength': 2.552471712250696}, 'warnings': []} 
sampleset record: [[-1 -1  1 -1 -1 -1  1 -1  1 -1]
 [ 1  1 -1  1  1  1 -1  1 -1  1]
 [-1 -1 -1  1  1 -1  1 -1  1 -1]
 [ 1  1  1 -1 -1  1 -1  1 -1  1]
 [ 1  1 -1  1  1 -1  1  1 -1  1]
 [-1 -1  1 -1 -1  1 -1 -1  1 -1]
 [-1 -1  1  1 -1 -1  1 -1  1 -1]
 [ 1  1 -1 -1  1  1 -1  1 -1  1]
 [-1 -1  1 -1 -1 -1 -1 -1  1 -1]
 [ 1  1 -1  1  1  1  1  1 -1  1]
 [-1 -1  1  1 -1  1 -1 -1  1 -1]
 [-1 -1  1 -1 -1 -1  1  1  1 -1]
 [ 1  1 -1  1  1  1 -1 -1 -1  1]
 [-1 -1  1  1  1  1  1 -1  1 -1]
 [ 1  1 -1 -1 -1 -1 -1  1 -1  1]
 [ 1  1 -1  1  1  1  1  1 -1  1]
 [ 1  1 -1 -1 -1  1 -1  1 -1  1]
 [-1  1  1 -1 -1  1 -1 -1  1 -1]
 [ 1 -1 -1  1  1 -1  1  1 -1  1]
 [ 1  1 -1 -1  1  1  1  1 -1  1]
 [ 1  1  1 -1  1  1 -1  1 -1  1]
 [-1 -1 -1  1 -1 -1  1 -1  1 -1]
 [ 1 -1 -1  1 -1 -1  1 -1  1 -1]
 [-1 -1  1  1  1  1 -1 -1 -1 -1]
 [ 1  1 -1 -1 -1 -1  1  1  1  1]
 [-1  1 -1  1  1  1 -1  1 -1  1]
 [ 1 -1  1 -1 -1 -1  1 -1  1 -1]
 [-1 -1  1  1  1  1 -1 -1  1 -1]
 [ 1 -1 -1  1  1  1 -1 -1 -1  1]
 [-1 -1 -1 -1 -1 -1  1  1  1 -1]
 [ 1  1  1  1  1  1 -1 -1 -1  1]
 [-1 -1 -1 -1  1 -1  1  1  1 -1]
 [-1  1 -1  1  1  1 -1 -1 -1  1]] 
sampleset energy: [-10.89 -10.89  -9.75  -9.75  -9.25  -9.25  -9.09  -9.09  -9.05  -9.05
  -8.89  -8.83  -8.83  -8.75  -8.75  -9.05  -8.55  -8.53  -8.53  -7.85
  -8.13  -8.13  -8.19  -7.89  -7.89  -7.67  -7.67  -7.39  -7.11  -6.43
  -6.43  -5.41  -4.69] 
Chain strength: 2.552471712250696, Ground state probability: 0.71
Ground state is: Sample(sample={0: -1, 1: -1, 2: 1, 3: -1, 4: -1, 5: -1, 6: 1, 7: -1, 8: 1, 9: -1}, energy=-10.889999999999997, num_occurrences=142, chain_break_fraction=0.0), Ground state energy: -10.889999999999997
------annealing = 2000, numread = 400
sampleset info: {'timing': {'qpu_sampling_time': 947984.0, 'qpu_anneal_time_per_sample': 2000.0, 'qpu_readout_time_per_sample': 349.42, 'qpu_access_time': 958861.11, 'qpu_access_overhead_time': 1048.89, 'qpu_programming_time': 10877.11, 'qpu_delay_time_per_sample': 20.54, 'post_processing_overhead_time': 1578.0, 'total_post_processing_time': 1578.0}, 'problem_id': '9df8c1eb-3cbd-444c-ab55-0dd4b5267726', 'embedding_context': {'embedding': {1: (748, 739, 740), 0: (876, 868, 736, 864), 2: (737, 877, 869, 865), 3: (878, 745, 873), 4: (730, 749, 741, 733), 5: (1004, 1003, 747, 875), 6: (750, 742, 734), 7: (879, 746, 874), 8: (744, 872, 1000), 9: (751, 738, 743)}, 'chain_break_method': 'majority_vote', 'embedding_parameters': {}, 'chain_strength': 2.552471712250696}, 'warnings': []} 
sampleset record: [[ 1  1 -1  1  1  1 -1  1 -1  1]
 [-1 -1  1 -1 -1 -1  1 -1  1 -1]
 [ 1  1  1 -1 -1  1 -1  1 -1  1]
 [-1 -1 -1  1  1 -1  1 -1  1 -1]
 [-1 -1  1 -1 -1  1 -1 -1  1 -1]
 [ 1  1 -1  1  1 -1  1  1 -1  1]
 [-1 -1  1  1 -1 -1  1 -1  1 -1]
 [ 1  1 -1 -1  1  1 -1  1 -1  1]
 [-1 -1  1 -1 -1 -1 -1 -1  1 -1]
 [ 1  1 -1  1  1  1  1  1 -1  1]
 [-1 -1  1  1 -1  1 -1 -1  1 -1]
 [ 1  1 -1 -1  1 -1  1  1 -1  1]
 [-1 -1  1 -1 -1 -1  1  1  1 -1]
 [ 1  1 -1  1  1  1 -1 -1 -1  1]
 [ 1  1 -1 -1 -1 -1 -1  1 -1  1]
 [-1 -1  1  1  1 -1  1 -1  1 -1]
 [ 1  1 -1 -1 -1  1 -1  1 -1  1]
 [ 1 -1 -1  1  1 -1  1  1 -1  1]
 [-1  1  1 -1  1  1 -1  1 -1  1]
 [ 1  1 -1  1  1 -1 -1  1 -1  1]
 [-1 -1  1 -1 -1  1  1 -1  1 -1]
 [ 1  1 -1  1  1 -1 -1  1 -1  1]
 [ 1  1  1 -1 -1  1 -1 -1 -1  1]
 [-1  1 -1 -1  1  1 -1  1 -1  1]
 [-1  1 -1  1  1  1 -1  1 -1  1]
 [ 1 -1  1 -1 -1 -1  1 -1  1 -1]
 [ 1  1 -1 -1  1 -1 -1  1 -1  1]
 [ 1 -1  1  1 -1 -1 -1 -1  1 -1]
 [ 1 -1  1  1  1  1 -1 -1 -1  1]
 [-1 -1 -1 -1 -1 -1  1  1  1 -1]] 
sampleset energy: [-10.89 -10.89  -9.75  -9.75  -9.25  -9.25  -9.09  -9.09  -9.05  -9.05
  -8.89  -8.89  -8.83  -8.83  -8.75  -8.55  -8.55  -8.53  -8.19  -8.05
  -8.05  -8.05  -7.77  -7.71  -7.67  -7.67  -7.09  -6.91  -6.59  -6.43] 
Chain strength: 2.552471712250696, Ground state probability: 0.7125
Ground state is: Sample(sample={0: 1, 1: 1, 2: -1, 3: 1, 4: 1, 5: 1, 6: -1, 7: 1, 8: -1, 9: 1}, energy=-10.889999999999997, num_occurrences=130, chain_break_fraction=0.0), Ground state energy: -10.889999999999997
