------annealing = 2000, numread = 400
sampleset info: {'timing': {'qpu_sampling_time': 947984.0, 'qpu_anneal_time_per_sample': 2000.0, 'qpu_readout_time_per_sample': 349.42, 'qpu_access_time': 958942.11, 'qpu_access_overhead_time': 930.89, 'qpu_programming_time': 10958.11, 'qpu_delay_time_per_sample': 20.54, 'post_processing_overhead_time': 2054.0, 'total_post_processing_time': 2054.0}, 'problem_id': 'ff339023-aebd-41ae-9fae-3ba78cfe547c', 'embedding_context': {'embedding': {1: (753, 625, 623, 639, 631), 0: (894, 891, 635, 507, 763), 2: (638, 630, 499, 755, 627), 3: (508, 500, 492, 747, 619, 491), 4: (893, 504, 888, 632, 760), 5: (633, 511, 761, 505), 6: (617, 636, 745, 628, 620), 7: (744, 742, 766, 758, 750), 8: (621, 752, 624, 637, 629), 9: (509, 501, 493, 490, 746, 618), 10: (765, 741, 749, 757), 11: (890, 506, 634, 762), 12: (736, 764, 740, 756, 748), 13: (737, 767, 759, 743, 751), 14: (510, 502, 754, 626, 498)}, 'chain_break_method': 'majority_vote', 'embedding_parameters': {}, 'chain_strength': 2.9802254226506646}, 'warnings': []} 
sampleset record: [[-1 -1  1 ...  1 -1  1]
 [ 1  1 -1 ... -1  1 -1]
 [-1  1 -1 ... -1 -1  1]
 ...
 [ 1  1 -1 ... -1  1 -1]
 [-1  1 -1 ...  1  1 -1]
 [-1  1 -1 ...  1  1  1]] 
sampleset energy: [-18.64 -18.64 -18.36 -18.36 -18.   -18.   -17.8  -17.76 -17.76 -17.68
 -17.68 -17.48 -17.48 -17.34 -17.34 -17.32 -17.24 -17.24 -17.14 -17.08
 -17.08 -17.04 -17.   -16.98 -16.94 -16.94 -16.76 -16.74 -16.74 -16.54
 -16.54 -16.5  -16.5  -16.44 -16.44 -16.42 -16.4  -16.4  -16.36 -16.22
 -16.22 -16.2  -16.1  -16.1  -16.06 -16.02 -15.96 -15.92 -15.9  -18.64
 -15.82 -15.72 -15.7  -15.64 -15.6  -15.44 -15.38 -15.34 -15.16 -15.12
 -15.12 -15.1  -15.1  -15.06 -15.04 -15.02 -15.02 -14.86 -14.78 -14.14
 -14.12 -13.82 -13.38 -13.38 -13.28 -13.26 -13.26 -13.22 -13.1  -12.96
 -12.96 -12.92 -12.66 -12.6  -12.26 -11.74 -11.68 -15.92] 
Chain strength: 2.9802254226506646, Ground state probability: 0.1225
Ground state is: Sample(sample={0: -1, 1: -1, 2: 1, 3: 1, 4: 1, 5: 1, 6: 1, 7: -1, 8: 1, 9: -1, 10: 1, 11: 1, 12: 1, 13: -1, 14: 1}, energy=-18.640000000000008, num_occurrences=13, chain_break_fraction=0.0), Ground state energy: -18.640000000000008
------annealing = 2000, numread = 400
sampleset info: {'timing': {'qpu_sampling_time': 947984.0, 'qpu_anneal_time_per_sample': 2000.0, 'qpu_readout_time_per_sample': 349.42, 'qpu_access_time': 958961.11, 'qpu_access_overhead_time': 2097.89, 'qpu_programming_time': 10977.11, 'qpu_delay_time_per_sample': 20.54, 'post_processing_overhead_time': 2088.0, 'total_post_processing_time': 2088.0}, 'problem_id': '6f01eec8-c9a9-4eb6-a101-b29133cfc651', 'embedding_context': {'embedding': {1: (821, 817, 945, 1073, 1201), 0: (932, 1066, 938, 948, 940), 2: (1067, 933, 949, 941, 939), 3: (1049, 921, 1055, 1063, 1079, 1071), 4: (816, 944, 1200, 1072), 5: (1206, 947, 1075, 1203), 6: (1204, 1196, 1188, 928, 1056, 1184), 7: (937, 1062, 1078, 1065, 1070), 8: (920, 950, 926, 942, 934), 9: (927, 951, 943, 935), 10: (1064, 1192, 936, 1197, 1205), 11: (1207, 1199, 1191, 931, 1059, 1187), 12: (929, 1057, 1077, 1069, 1061), 13: (1076, 1068, 1060, 1058, 930), 14: (1202, 822, 818, 1074, 946)}, 'chain_break_method': 'majority_vote', 'embedding_parameters': {}, 'chain_strength': 2.9802254226506646}, 'warnings': []} 
sampleset record: [[ 1  1 -1 ... -1  1 -1]
 [-1 -1  1 ...  1 -1  1]
 [ 1 -1  1 ...  1  1 -1]
 ...
 [-1 -1  1 ...  1 -1 -1]
 [-1  1 -1 ...  1 -1 -1]
 [ 1 -1  1 ...  1  1 -1]] 
sampleset energy: [-18.64 -18.64 -18.36 -18.36 -18.   -18.   -17.8  -17.8  -17.76 -17.68
 -17.68 -17.48 -17.48 -17.34 -17.34 -17.32 -17.32 -17.24 -17.24 -17.14
 -17.14 -17.08 -17.08 -17.04 -17.04 -17.   -17.   -16.98 -16.98 -16.94
 -16.94 -16.76 -16.76 -16.74 -16.74 -16.54 -16.5  -16.44 -16.42 -16.42
 -16.4  -16.36 -16.36 -16.22 -16.2  -16.2  -16.14 -16.14 -16.1  -16.02
 -15.92 -15.92 -15.9  -15.9  -15.9  -15.9  -15.78 -15.76 -15.76 -15.72
 -15.7  -15.7  -15.7  -15.6  -15.38 -15.36 -15.34 -15.34 -15.28 -15.22
 -15.22 -15.16 -15.16 -15.12 -15.08 -14.42 -15.02 -15.02 -14.74 -14.74
 -14.52 -17.8  -14.34 -14.34 -14.22 -13.82 -13.82 -17.14 -13.1  -17.32
 -12.84 -11.6  -11.54 -10.82 -10.76 -16.44  -9.72  -8.38] 
Chain strength: 2.9802254226506646, Ground state probability: 0.18
Ground state is: Sample(sample={0: 1, 1: 1, 2: -1, 3: -1, 4: -1, 5: -1, 6: -1, 7: 1, 8: -1, 9: 1, 10: -1, 11: -1, 12: -1, 13: 1, 14: -1}, energy=-18.640000000000008, num_occurrences=14, chain_break_fraction=0.0), Ground state energy: -18.640000000000008
