------annealing = 2000, numread = 400
sampleset info: {'timing': {'qpu_sampling_time': 947984.0, 'qpu_anneal_time_per_sample': 2000.0, 'qpu_readout_time_per_sample': 349.42, 'qpu_access_time': 958992.71, 'qpu_access_overhead_time': 1021.29, 'qpu_programming_time': 11008.71, 'qpu_delay_time_per_sample': 20.54, 'post_processing_overhead_time': 649.0, 'total_post_processing_time': 649.0}, 'problem_id': '443e6c57-75ad-4de3-a19e-8311b0a650f6', 'embedding_context': {'embedding': {1: (826, 570, 438, 446, 698, 442), 0: (817, 305, 433, 310, 689, 561), 2: (567, 575, 458, 586, 591, 583), 3: (704, 448, 576, 582, 566, 574), 4: (565, 573, 457, 585, 589, 581), 5: (564, 572, 699, 443, 580, 571), 6: (311, 306, 690, 434, 818, 562), 7: (823, 831, 839, 450, 578, 706, 834), 8: (816, 304, 309, 688, 432, 560), 9: (307, 691, 435, 819, 563), 10: (693, 701, 709, 584, 456, 712, 717), 11: (821, 829, 441, 569, 697, 825), 12: (461, 437, 445, 453), 13: (451, 439, 463, 455, 447), 14: (460, 452, 436, 444), 15: (820, 828, 836, 707, 579, 835), 16: (587, 715, 694, 718, 710, 702), 17: (822, 696, 830, 568, 824), 18: (713, 714, 695, 703, 719, 711), 19: (577, 705, 692, 708, 700)}, 'chain_break_method': 'majority_vote', 'embedding_parameters': {}, 'chain_strength': 3.1118089182081863}, 'warnings': []} 
sampleset record: [[-1  1  1 ...  1 -1 -1]
 [ 1 -1 -1 ... -1  1  1]
 [ 1 -1 -1 ... -1  1  1]
 ...
 [-1  1 -1 ... -1 -1  1]
 [ 1  1  1 ... -1 -1  1]
 [-1  1 -1 ...  1  1  1]] 
sampleset energy: [-28.14 -28.14 -28.12 -28.12 -28.04 -28.04 -28.02 -28.02 -27.72 -27.68
 -27.68 -27.66 -27.66 -27.46 -27.38 -26.94 -28.14 -26.42 -26.38 -26.12
 -26.12 -26.   -26.   -25.98 -25.96 -25.96 -25.94 -25.94 -25.7  -25.7
 -25.46 -25.44 -25.44 -25.32 -25.32 -24.9  -24.9  -24.88 -24.84 -24.76
 -24.6  -24.48 -24.42 -24.04 -23.92 -28.12 -23.68 -23.66 -23.54 -23.52
 -23.4  -23.38 -21.36 -23.26 -25.7  -23.18 -23.18 -23.14 -27.68 -23.1
 -22.88 -22.86 -22.84 -22.74 -22.68 -26.   -22.66 -22.66 -25.98 -28.12
 -25.44 -22.12 -27.66 -28.14 -28.04 -23.92 -21.38 -21.34 -21.22 -21.04
 -28.14 -21.78 -20.48 -20.36 -20.04 -19.96 -19.7  -22.1  -19.5  -26.
 -18.84 -17.94 -17.24 -16.18] 
Chain strength: 3.1118089182081863, Ground state probability: 0.165
Ground state is: Sample(sample={0: -1, 1: 1, 2: 1, 3: 1, 4: 1, 5: -1, 6: 1, 7: -1, 8: 1, 9: 1, 10: -1, 11: 1, 12: -1, 13: 1, 14: 1, 15: -1, 16: 1, 17: 1, 18: -1, 19: -1}, energy=-28.14, num_occurrences=58, chain_break_fraction=0.0), Ground state energy: -28.14
------annealing = 2000, numread = 400
sampleset info: {'timing': {'qpu_sampling_time': 947984.0, 'qpu_anneal_time_per_sample': 2000.0, 'qpu_readout_time_per_sample': 349.42, 'qpu_access_time': 958982.71, 'qpu_access_overhead_time': 2429.29, 'qpu_programming_time': 10998.71, 'qpu_delay_time_per_sample': 20.54, 'post_processing_overhead_time': 576.0, 'total_post_processing_time': 576.0}, 'problem_id': '008daa30-cfc5-4dbe-8661-d20efe3efb2b', 'embedding_context': {'embedding': {1: (1148, 747, 875, 1003, 1131, 1132, 1140), 0: (631, 1136, 1008, 624, 752, 880), 2: (1022, 744, 1014, 1006, 872, 1000), 3: (892, 884, 876, 738, 866, 868), 4: (739, 867, 894, 886, 878, 870), 5: (1143, 762, 890, 1018, 1146, 1151), 6: (746, 1023, 1015, 874, 1002, 1007), 7: (1138, 1010, 626, 754, 882), 8: (1144, 1016, 628, 636, 632, 888, 760), 9: (767, 1145, 1017, 889, 759, 761), 10: (736, 864, 893, 885, 877, 869), 11: (1021, 1013, 1005, 745, 873, 1001), 12: (741, 765, 757, 749), 13: (764, 755, 740, 748, 756), 14: (766, 758, 742, 750), 15: (871, 895, 887, 879), 16: (1141, 1149, 891, 1019, 1147), 17: (865, 1020, 1012, 1004, 996, 993), 18: (630, 1137, 1009, 753, 625, 881), 19: (1150, 1142, 883, 1011, 1139)}, 'chain_break_method': 'majority_vote', 'embedding_parameters': {}, 'chain_strength': 3.1118089182081863}, 'warnings': []} 
sampleset record: [[ 1 -1 -1 ... -1  1  1]
 [-1  1  1 ...  1 -1 -1]
 [ 1 -1 -1 ... -1  1  1]
 ...
 [-1 -1  1 ...  1  1 -1]
 [-1 -1  1 ...  1 -1 -1]
 [-1  1 -1 ...  1 -1  1]] 
sampleset energy: [-28.14 -28.14 -28.12 -28.12 -28.04 -28.04 -28.02 -28.02 -27.72 -27.72
 -27.68 -27.68 -27.66 -27.66 -27.46 -27.46 -27.38 -27.38 -26.94 -26.62
 -26.6  -26.6  -27.66 -28.14 -26.42 -26.42 -26.38 -26.38 -26.12 -26.08
 -26.08 -25.9  -25.64 -25.34 -25.34 -25.32 -25.26 -27.46 -27.46 -27.46
 -24.96 -27.72 -24.84 -24.84 -24.76 -28.14 -24.6  -28.14 -24.34 -25.44
 -24.12 -24.12 -24.06 -24.04 -27.66 -23.78 -23.78 -27.46 -23.68 -23.58
 -23.52 -23.52 -23.52 -23.48 -26.12 -23.28 -23.18 -23.18 -23.14 -23.14
 -22.76 -27.68 -22.74 -22.68 -22.56 -22.56 -24.84 -22.38 -22.26 -27.72
 -21.86 -21.86 -27.72 -26.12 -27.46 -21.16 -23.58 -20.96 -27.46 -18.24
 -28.04 -20.12 -20.08 -20.04 -20.06 -19.06 -19.02 -27.72 -18.54 -21.4
 -23.68 -24.04 -19.36] 
Chain strength: 3.1118089182081863, Ground state probability: 0.16
Ground state is: Sample(sample={0: 1, 1: -1, 2: -1, 3: -1, 4: -1, 5: 1, 6: -1, 7: 1, 8: -1, 9: -1, 10: 1, 11: -1, 12: 1, 13: -1, 14: -1, 15: 1, 16: -1, 17: -1, 18: 1, 19: 1}, energy=-28.14, num_occurrences=21, chain_break_fraction=0.0), Ground state energy: -28.14
