------annealing = 1000, numread = 100
sampleset info: {'timing': {'qpu_sampling_time': 136996.0, 'qpu_anneal_time_per_sample': 1000.0, 'qpu_readout_time_per_sample': 349.42, 'qpu_access_time': 147900.71, 'qpu_access_overhead_time': 976.29, 'qpu_programming_time': 10904.71, 'qpu_delay_time_per_sample': 20.54, 'post_processing_overhead_time': 270.0, 'total_post_processing_time': 270.0}, 'problem_id': '642eab0e-206c-4dff-ad86-d30e7283421d', 'embedding_context': {'embedding': {1: (1050, 1178, 1204, 1180, 1196, 1188), 0: (1320, 1064, 1198, 1192), 2: (943, 1322, 938, 1194, 1066), 3: (1049, 1177, 1181, 1189, 1205, 1197), 4: (1075, 1324, 1332, 1203, 1331), 5: (942, 1321, 1193, 937, 1065), 6: (1068, 1330, 1202, 1076, 1074), 7: (939, 1323, 1195, 1067), 8: (1079, 1071, 1063, 1058, 1186), 9: (1056, 1184, 1191, 1207, 1199), 10: (1335, 1057, 1313, 1185, 1319, 1327), 11: (1325, 1333, 1073, 1201, 1329), 12: (1078, 1054, 1062, 1070), 13: (1187, 1077, 1069, 1061, 1059), 14: (1072, 1200, 1334, 1326, 1328)}, 'chain_break_method': 'majority_vote', 'embedding_parameters': {}, 'chain_strength': 2.9802254226506646}, 'warnings': []} 
sampleset record: [[-1 -1  1  1  1  1  1 -1  1 -1  1  1  1 -1  1]
 [ 1  1 -1 -1 -1 -1 -1  1 -1  1 -1 -1 -1  1 -1]
 [ 1 -1  1  1 -1  1 -1  1  1 -1 -1  1  1  1 -1]
 [-1  1 -1 -1  1 -1  1 -1 -1  1  1 -1 -1 -1  1]
 [-1  1  1  1  1  1  1 -1  1 -1  1  1  1 -1  1]
 [-1  1 -1 -1 -1 -1  1 -1 -1 -1  1  1 -1 -1  1]
 [ 1 -1  1  1  1  1 -1  1  1  1 -1 -1  1  1 -1]
 [ 1 -1  1  1 -1 -1 -1  1 -1  1 -1 -1 -1 -1 -1]
 [-1  1 -1 -1  1  1  1 -1  1 -1  1  1  1  1  1]
 [ 1  1 -1 -1  1 -1  1 -1 -1  1 -1 -1 -1  1  1]
 [-1 -1  1  1 -1  1 -1  1  1 -1  1  1  1 -1 -1]
 [-1  1 -1 -1 -1 -1  1 -1 -1  1  1 -1 -1 -1  1]
 [-1 -1  1  1  1  1  1 -1  1 -1  1  1  1  1  1]
 [-1  1 -1 -1  1  1  1 -1  1 -1  1  1 -1 -1  1]
 [-1 -1 -1  1  1  1  1  1  1  1  1  1  1  1  1]
 [-1  1 -1 -1  1 -1  1 -1  1  1  1 -1 -1 -1  1]
 [ 1  1  1 -1 -1 -1 -1 -1 -1  1 -1 -1 -1 -1 -1]
 [ 1  1 -1 -1  1 -1 -1 -1 -1  1 -1 -1 -1  1  1]
 [ 1 -1 -1 -1  1 -1 -1  1 -1  1 -1 -1 -1  1  1]
 [-1  1 -1 -1  1 -1  1 -1 -1  1  1  1 -1 -1  1]
 [ 1 -1  1  1  1  1 -1  1  1 -1 -1 -1  1  1 -1]
 [ 1 -1  1  1 -1 -1 -1  1 -1  1 -1 -1 -1  1 -1]
 [-1  1 -1 -1  1  1  1 -1  1 -1  1  1  1 -1  1]
 [-1 -1  1  1  1  1  1 -1 -1 -1  1  1 -1 -1  1]
 [-1 -1  1  1  1  1  1  1  1 -1  1  1  1 -1  1]
 [-1  1 -1 -1  1 -1  1 -1 -1  1 -1 -1 -1 -1  1]
 [-1  1 -1 -1  1  1  1  1  1 -1  1  1  1  1  1]
 [ 1 -1 -1  1 -1 -1 -1  1 -1  1 -1 -1 -1  1 -1]
 [-1  1 -1 -1 -1 -1  1 -1 -1 -1  1 -1 -1 -1  1]
 [ 1 -1  1  1 -1 -1  1 -1 -1  1 -1 -1 -1 -1 -1]
 [-1  1  1 -1  1  1  1 -1  1 -1  1  1  1 -1  1]
 [-1 -1 -1 -1  1 -1  1 -1 -1  1  1  1 -1 -1  1]
 [-1 -1 -1 -1  1  1  1 -1 -1  1  1  1 -1 -1  1]
 [-1  1 -1 -1 -1  1  1 -1  1 -1  1  1  1 -1 -1]] 
sampleset energy: [-18.64 -18.64 -18.36 -18.36 -18.   -17.8  -17.8  -17.76 -17.76 -17.68
 -17.68 -17.48 -17.34 -17.32 -17.14 -17.04 -17.   -16.98 -16.76 -16.74
 -16.54 -16.5  -16.5  -16.02 -15.94 -15.92 -15.9  -15.78 -15.7  -15.2
 -15.78 -14.5  -13.94 -12.22] 
Chain strength: 2.9802254226506646, Ground state probability: 0.28
Ground state is: Sample(sample={0: -1, 1: -1, 2: 1, 3: 1, 4: 1, 5: 1, 6: 1, 7: -1, 8: 1, 9: -1, 10: 1, 11: 1, 12: 1, 13: -1, 14: 1}, energy=-18.640000000000008, num_occurrences=25, chain_break_fraction=0.0), Ground state energy: -18.640000000000008
------annealing = 1000, numread = 100
sampleset info: {'timing': {'qpu_sampling_time': 136996.0, 'qpu_anneal_time_per_sample': 1000.0, 'qpu_readout_time_per_sample': 349.42, 'qpu_access_time': 147912.91, 'qpu_access_overhead_time': 916.09, 'qpu_programming_time': 10916.91, 'qpu_delay_time_per_sample': 20.54, 'post_processing_overhead_time': 1939.0, 'total_post_processing_time': 1939.0}, 'problem_id': '9ffbbbf8-9da5-423c-b746-e9309f243f9c', 'embedding_context': {'embedding': {1: (226, 230, 254, 246, 238), 0: (112, 236, 368, 244, 240), 2: (231, 239, 255, 247), 3: (245, 104, 237, 360, 232), 4: (121, 249, 367, 377, 375, 383), 5: (502, 494, 491, 107, 235, 363), 6: (113, 241, 365, 373, 369), 7: (110, 118, 248, 120, 126), 8: (501, 493, 105, 233, 489, 361), 9: (366, 374, 114, 242, 370), 10: (125, 227, 99, 101, 117, 109), 11: (499, 372, 115, 243, 371), 12: (251, 123, 111, 119, 127), 13: (364, 362, 106, 234), 14: (250, 122, 108, 116, 124)}, 'chain_break_method': 'majority_vote', 'embedding_parameters': {}, 'chain_strength': 2.9802254226506646}, 'warnings': []} 
sampleset record: [[ 1  1 -1 -1 -1 -1 -1  1 -1  1 -1 -1 -1  1 -1]
 [-1 -1  1  1  1  1  1 -1  1 -1  1  1  1 -1  1]
 [ 1 -1  1  1 -1  1 -1  1  1 -1 -1  1  1  1 -1]
 [ 1 -1 -1 -1 -1 -1 -1  1 -1  1 -1 -1 -1  1 -1]
 [-1  1  1  1  1  1  1 -1  1 -1  1  1  1 -1  1]
 [-1  1 -1 -1 -1 -1  1 -1 -1 -1  1  1 -1 -1  1]
 [ 1 -1  1  1  1  1 -1  1  1  1 -1 -1  1  1 -1]
 [ 1 -1  1  1 -1 -1 -1  1 -1  1 -1 -1 -1 -1 -1]
 [-1 -1  1  1 -1  1 -1  1  1 -1  1  1  1 -1 -1]
 [-1  1 -1 -1 -1 -1  1 -1 -1  1  1 -1 -1 -1  1]
 [ 1 -1  1  1  1  1 -1  1  1 -1 -1  1  1  1 -1]
 [ 1 -1  1  1 -1 -1 -1  1 -1  1 -1 -1  1  1 -1]
 [ 1  1  1 -1 -1 -1 -1 -1 -1 -1 -1 -1 -1 -1 -1]
 [-1 -1 -1  1  1  1  1  1  1  1  1  1  1  1  1]
 [ 1 -1  1  1 -1  1 -1  1 -1 -1 -1  1  1  1 -1]
 [ 1  1  1 -1 -1 -1 -1 -1 -1  1 -1 -1 -1 -1 -1]
 [-1 -1 -1  1  1  1  1  1  1 -1  1  1  1  1  1]
 [-1 -1  1  1 -1  1  1  1  1 -1  1  1  1 -1 -1]
 [ 1  1 -1 -1  1 -1 -1 -1 -1  1 -1 -1 -1  1  1]
 [-1 -1  1  1  1  1  1  1  1 -1  1  1  1 -1 -1]
 [ 1 -1  1 -1 -1 -1 -1  1 -1  1 -1 -1 -1 -1 -1]
 [-1  1  1  1 -1  1  1 -1  1 -1  1  1  1 -1  1]
 [ 1 -1 -1 -1  1 -1 -1  1 -1  1 -1 -1 -1  1 -1]
 [-1 -1  1  1  1  1  1  1  1 -1  1  1  1 -1  1]
 [ 1 -1  1  1 -1  1 -1  1  1 -1  1  1  1  1 -1]
 [-1  1 -1 -1  1 -1  1 -1 -1  1 -1 -1 -1 -1  1]
 [ 1  1  1 -1 -1 -1 -1  1 -1  1 -1 -1 -1 -1 -1]
 [ 1 -1  1  1  1  1 -1  1  1  1 -1  1  1  1 -1]
 [ 1 -1 -1  1 -1 -1 -1  1 -1  1 -1 -1  1  1 -1]
 [ 1 -1  1  1  1  1 -1  1  1 -1  1  1  1  1 -1]
 [-1 -1  1  1  1  1  1 -1  1 -1  1  1 -1 -1  1]
 [ 1 -1  1  1 -1  1 -1 -1  1 -1 -1  1  1  1 -1]
 [ 1  1 -1 -1  1 -1 -1  1 -1  1 -1 -1 -1  1 -1]
 [ 1 -1  1  1 -1  1 -1  1 -1 -1 -1 -1  1  1 -1]
 [ 1 -1  1  1 -1  1 -1  1  1 -1  1  1  1 -1 -1]
 [-1  1 -1 -1 -1 -1  1 -1  1 -1  1  1 -1 -1  1]
 [ 1 -1  1  1  1  1 -1 -1  1 -1  1  1  1  1 -1]
 [ 1 -1  1  1 -1  1 -1  1 -1 -1 -1  1  1 -1 -1]
 [ 1  1  1 -1 -1 -1 -1 -1 -1 -1 -1 -1 -1  1 -1]
 [-1 -1 -1  1  1  1  1 -1  1  1  1  1  1  1  1]
 [-1 -1  1  1  1  1  1 -1 -1 -1  1  1  1 -1  1]
 [-1 -1 -1 -1  1 -1  1  1 -1  1 -1 -1 -1  1 -1]
 [ 1 -1  1  1  1  1  1 -1 -1  1 -1  1 -1  1 -1]] 
sampleset energy: [-18.64 -18.64 -18.36 -18.   -18.   -17.8  -17.8  -17.76 -17.68 -17.48
 -17.48 -17.32 -17.14 -17.14 -17.04 -17.   -17.   -16.98 -16.98 -16.94
 -16.42 -16.36 -16.36 -15.94 -15.92 -15.92 -15.9  -15.7  -15.64 -15.48
 -15.42 -15.42 -15.16 -15.06 -14.98 -14.96 -14.74 -14.58 -14.32 -13.16
 -15.36  -8.4   -6.4 ] 
Chain strength: 2.9802254226506646, Ground state probability: 0.08
Ground state is: Sample(sample={0: 1, 1: 1, 2: -1, 3: -1, 4: -1, 5: -1, 6: -1, 7: 1, 8: -1, 9: 1, 10: -1, 11: -1, 12: -1, 13: 1, 14: -1}, energy=-18.640000000000008, num_occurrences=5, chain_break_fraction=0.0), Ground state energy: -18.640000000000008
------annealing = 1000, numread = 100
sampleset info: {'timing': {'qpu_sampling_time': 136996.0, 'qpu_anneal_time_per_sample': 1000.0, 'qpu_readout_time_per_sample': 349.42, 'qpu_access_time': 147962.71, 'qpu_access_overhead_time': 1173.29, 'qpu_programming_time': 10966.71, 'qpu_delay_time_per_sample': 20.54, 'post_processing_overhead_time': 860.0, 'total_post_processing_time': 860.0}, 'problem_id': '3d0b75d6-86b5-4af3-999d-7a0afcd6d49a', 'embedding_context': {'embedding': {1: (920, 536, 664, 792), 0: (679, 671, 785, 657, 663), 2: (781, 805, 797, 789), 3: (778, 780, 804, 796, 788), 4: (660, 668, 802, 674, 676), 5: (776, 783, 807, 799, 791), 6: (926, 537, 665, 793, 921), 7: (806, 784, 790, 798), 8: (541, 533, 786, 658, 530), 9: (925, 922, 538, 666, 794), 10: (661, 669, 803, 675, 677), 11: (787, 659, 540, 532, 531), 12: (543, 795, 667, 539), 13: (662, 801, 673, 670, 678), 14: (534, 672, 800, 544, 542, 550)}, 'chain_break_method': 'majority_vote', 'embedding_parameters': {}, 'chain_strength': 2.9802254226506646}, 'warnings': []} 
sampleset record: [[-1 -1  1  1  1  1  1 -1  1 -1  1  1  1 -1  1]
 [ 1  1 -1 -1 -1 -1 -1  1 -1  1 -1 -1 -1  1 -1]
 [-1  1 -1 -1  1 -1  1 -1 -1  1  1 -1 -1 -1  1]
 [ 1 -1  1  1 -1  1 -1  1  1 -1 -1  1  1  1 -1]
 [-1  1 -1 -1 -1 -1  1 -1 -1 -1  1  1 -1 -1  1]
 [ 1 -1  1  1 -1 -1 -1  1 -1  1 -1 -1 -1 -1 -1]
 [ 1  1 -1 -1  1 -1  1 -1 -1  1 -1 -1 -1  1  1]
 [-1 -1  1  1 -1  1 -1  1  1 -1  1  1  1 -1 -1]
 [ 1 -1  1  1  1  1 -1  1  1 -1 -1  1  1  1 -1]
 [-1  1 -1 -1 -1 -1  1 -1 -1  1  1 -1 -1 -1  1]
 [ 1  1 -1 -1 -1 -1 -1  1 -1  1 -1 -1 -1 -1 -1]
 [-1 -1  1  1  1  1  1 -1  1 -1  1  1  1  1  1]
 [-1  1 -1 -1  1  1  1 -1  1 -1  1  1 -1 -1  1]
 [ 1  1 -1 -1 -1 -1 -1  1 -1  1 -1 -1 -1  1  1]
 [-1 -1 -1  1  1  1  1  1  1  1  1  1  1  1  1]
 [-1  1 -1 -1  1 -1  1 -1  1  1  1 -1 -1 -1  1]
 [ 1 -1  1  1 -1  1 -1  1 -1 -1 -1  1  1  1 -1]
 [-1 -1 -1  1  1  1  1  1  1 -1  1  1  1  1  1]
 [-1 -1  1  1 -1  1  1  1  1 -1  1  1  1 -1 -1]
 [-1  1 -1 -1  1 -1  1 -1 -1  1  1  1 -1 -1  1]
 [ 1 -1  1  1 -1  1 -1  1  1 -1 -1 -1  1  1 -1]
 [ 1 -1  1  1  1  1 -1  1  1 -1 -1 -1  1  1 -1]
 [-1 -1  1  1  1  1 -1 -1  1 -1  1  1  1  1  1]
 [-1  1 -1 -1  1 -1  1 -1 -1  1 -1 -1 -1 -1  1]
 [-1  1 -1 -1 -1 -1  1 -1 -1 -1  1 -1 -1 -1  1]
 [ 1  1 -1 -1  1 -1 -1 -1  1  1 -1 -1 -1  1  1]
 [-1  1 -1 -1  1 -1  1 -1  1 -1  1  1 -1 -1  1]
 [ 1 -1  1  1 -1  1 -1  1 -1 -1 -1 -1  1  1 -1]
 [-1  1 -1 -1  1 -1  1 -1  1  1  1  1 -1 -1  1]
 [-1  1 -1 -1  1 -1  1 -1  1  1 -1 -1 -1 -1  1]
 [-1 -1  1 -1  1  1  1 -1  1 -1  1  1 -1 -1  1]
 [-1  1 -1 -1  1  1  1 -1  1  1  1  1  1  1  1]] 
sampleset energy: [-18.64 -18.64 -18.36 -18.36 -17.8  -17.76 -17.68 -17.68 -17.48 -17.48
 -17.34 -17.34 -17.32 -17.24 -17.14 -17.04 -17.04 -17.   -16.98 -16.74
 -16.74 -16.54 -16.4  -15.92 -15.7  -15.34 -15.28 -15.06 -15.06 -13.72
 -13.56 -13.22] 
Chain strength: 2.9802254226506646, Ground state probability: 0.19
Ground state is: Sample(sample={0: -1, 1: -1, 2: 1, 3: 1, 4: 1, 5: 1, 6: 1, 7: -1, 8: 1, 9: -1, 10: 1, 11: 1, 12: 1, 13: -1, 14: 1}, energy=-18.640000000000008, num_occurrences=12, chain_break_fraction=0.0), Ground state energy: -18.640000000000008
