------annealing = 1000, numread = 100
sampleset info: {'timing': {'qpu_sampling_time': 136996.0, 'qpu_anneal_time_per_sample': 1000.0, 'qpu_readout_time_per_sample': 349.42, 'qpu_access_time': 148018.71, 'qpu_access_overhead_time': 1096.29, 'qpu_programming_time': 11022.71, 'qpu_delay_time_per_sample': 20.54, 'post_processing_overhead_time': 906.0, 'total_post_processing_time': 906.0}, 'problem_id': '5c92903a-88df-4984-8bfb-b12f8bab391c', 'embedding_context': {'embedding': {1: (1317, 1313, 801, 929, 1057, 1185), 0: (1181, 937, 1189, 809, 1197, 1193, 1065), 2: (800, 928, 1312, 1184, 1056), 3: (1073, 945, 817, 820, 796, 804, 812), 4: (1191, 793, 921, 1177, 1049, 1183), 5: (1314, 802, 1318, 930, 1186, 1058), 6: (1064, 798, 806, 936, 808, 814), 7: (920, 1048, 1176, 1188, 792, 1180), 8: (1190, 1182, 795, 923, 1051, 1179), 9: (1315, 803, 1319, 931, 1059, 1187), 10: (948, 939, 924, 932, 1066, 938, 940), 11: (941, 794, 933, 925, 1050, 922), 12: (810, 797, 805, 813), 13: (811, 799, 807, 815), 14: (951, 943, 927, 935), 15: (1072, 944, 926, 934, 950, 942), 16: (1074, 1053, 1077, 1061, 1069), 17: (1067, 1078, 1054, 1062, 1070), 18: (1055, 1063, 1079, 1071), 19: (1075, 1076, 1052, 1060, 1068)}, 'chain_break_method': 'majority_vote', 'embedding_parameters': {}, 'chain_strength': 3.1118089182081863}, 'warnings': []} 
sampleset record: [[-1  1  1  1  1 -1  1 -1  1  1 -1  1 -1  1  1 -1  1  1 -1 -1]
 [ 1 -1 -1 -1 -1  1 -1  1 -1 -1  1 -1  1 -1 -1  1 -1 -1  1  1]
 [-1  1  1  1  1 -1  1 -1  1  1 -1  1 -1 -1  1 -1  1  1 -1 -1]
 [ 1 -1 -1 -1 -1  1 -1  1 -1 -1  1 -1  1  1 -1  1 -1 -1  1  1]
 [ 1 -1 -1 -1 -1  1 -1  1 -1 -1  1 -1  1 -1 -1  1  1 -1  1 -1]
 [-1  1  1  1  1 -1  1 -1  1  1 -1  1 -1  1  1 -1 -1  1 -1  1]
 [-1  1  1  1  1 -1  1 -1  1  1 -1  1 -1 -1  1 -1 -1  1 -1  1]
 [ 1 -1 -1 -1 -1  1 -1  1 -1 -1  1 -1  1  1 -1  1  1 -1  1 -1]
 [ 1 -1 -1 -1  1  1 -1  1 -1 -1  1 -1  1 -1 -1  1  1 -1  1 -1]
 [-1  1  1  1 -1 -1  1 -1  1 -1 -1  1 -1  1 -1 -1  1  1 -1 -1]
 [-1  1  1  1  1 -1  1 -1  1 -1 -1  1 -1  1  1 -1  1  1 -1 -1]
 [-1  1  1  1 -1 -1  1 -1  1 -1 -1  1 -1  1 -1 -1  1  1  1 -1]
 [ 1 -1 -1 -1  1  1 -1  1 -1  1  1 -1  1 -1  1  1 -1 -1 -1  1]
 [-1  1  1  1  1 -1  1 -1  1  1 -1  1 -1  1  1 -1  1  1 -1 -1]
 [ 1 -1 -1 -1 -1  1 -1  1 -1 -1  1 -1  1 -1 -1  1 -1 -1  1  1]
 [-1  1  1  1  1 -1  1 -1  1  1 -1  1 -1 -1  1 -1  1  1 -1 -1]
 [ 1 -1 -1 -1 -1  1  1  1 -1 -1  1 -1  1  1 -1 -1  1 -1  1 -1]
 [-1  1  1  1  1 -1  1 -1  1 -1 -1  1 -1  1  1 -1  1  1  1 -1]
 [-1  1  1  1  1 -1  1 -1  1  1 -1  1 -1  1  1 -1 -1  1 -1 -1]
 [-1  1  1  1  1 -1  1 -1  1  1 -1  1 -1 -1  1 -1 -1  1 -1 -1]
 [-1  1  1  1 -1 -1  1 -1  1  1 -1  1 -1  1 -1 -1 -1  1 -1  1]
 [-1  1  1  1  1 -1  1 -1  1  1 -1  1 -1  1  1 -1  1  1 -1 -1]
 [-1  1  1  1 -1 -1  1 -1 -1 -1 -1  1 -1  1 -1 -1  1  1 -1 -1]
 [ 1  1 -1 -1  1  1 -1  1 -1  1  1 -1  1 -1 -1  1 -1 -1 -1  1]
 [-1  1  1  1 -1 -1  1  1  1  1 -1  1 -1  1  1 -1  1  1 -1 -1]
 [-1  1 -1 -1 -1 -1  1 -1  1  1 -1 -1 -1  1 -1 -1  1  1  1  1]
 [-1  1  1  1 -1 -1  1 -1  1 -1 -1 -1 -1  1 -1 -1  1 -1  1 -1]] 
sampleset energy: [-28.14 -28.14 -28.12 -28.12 -28.04 -28.04 -28.02 -28.02 -27.72 -27.68
 -27.66 -27.38 -27.38 -28.14 -28.14 -28.12 -26.94 -26.12 -26.   -25.98
 -25.9  -28.14 -23.76 -22.98 -22.74 -19.34 -17.92] 
Chain strength: 3.1118089182081863, Ground state probability: 0.32
Ground state is: Sample(sample={0: -1, 1: 1, 2: 1, 3: 1, 4: 1, 5: -1, 6: 1, 7: -1, 8: 1, 9: 1, 10: -1, 11: 1, 12: -1, 13: 1, 14: 1, 15: -1, 16: 1, 17: 1, 18: -1, 19: -1}, energy=-28.14, num_occurrences=26, chain_break_fraction=0.0), Ground state energy: -28.14
------annealing = 1000, numread = 100
sampleset info: {'timing': {'qpu_sampling_time': 136996.0, 'qpu_anneal_time_per_sample': 1000.0, 'qpu_readout_time_per_sample': 349.42, 'qpu_access_time': 148012.91, 'qpu_access_overhead_time': 1883.09, 'qpu_programming_time': 11016.91, 'qpu_delay_time_per_sample': 20.54, 'post_processing_overhead_time': 586.0, 'total_post_processing_time': 586.0}, 'problem_id': '52f8c25a-3594-496d-b979-3db241a0d12c', 'embedding_context': {'embedding': {1: (185, 313, 441, 583, 575, 569), 0: (709, 578, 194, 322, 706, 450), 2: (455, 179, 307, 435, 447, 439), 3: (195, 323, 579, 707, 451), 4: (582, 574, 566, 178, 306, 434, 562), 5: (454, 446, 570, 186, 314, 442), 6: (176, 304, 432, 560, 581, 573, 565), 7: (708, 193, 321, 705, 449, 577), 8: (187, 711, 315, 443, 571, 699, 703), 9: (327, 311, 184, 440, 312, 319), 10: (330, 202, 182, 190, 198, 206), 11: (308, 203, 331, 332, 316, 324), 12: (333, 309, 317, 325), 13: (192, 320, 448, 437, 445, 453), 14: (310, 334, 326, 318), 15: (181, 189, 205, 197), 16: (207, 183, 191, 199), 17: (436, 444, 201, 329, 457, 460, 452), 18: (580, 177, 305, 433, 561, 572, 564), 19: (180, 200, 188, 204, 196)}, 'chain_break_method': 'majority_vote', 'embedding_parameters': {}, 'chain_strength': 3.1118089182081863}, 'warnings': []} 
sampleset record: [[ 1 -1 -1 -1 -1  1 -1  1 -1 -1  1 -1  1 -1 -1  1 -1 -1  1  1]
 [ 1 -1 -1 -1 -1  1 -1  1 -1 -1  1 -1  1  1 -1  1 -1 -1  1  1]
 [ 1 -1 -1 -1 -1  1 -1  1 -1 -1  1 -1  1 -1 -1  1  1 -1  1 -1]
 [-1  1  1  1  1 -1  1 -1  1  1 -1  1 -1  1  1 -1 -1  1 -1  1]
 [ 1 -1 -1 -1 -1  1 -1  1 -1 -1  1 -1  1  1 -1  1  1 -1  1 -1]
 [-1  1  1  1  1 -1  1 -1  1  1 -1  1 -1 -1  1 -1 -1  1 -1  1]
 [-1  1  1  1 -1 -1  1 -1  1  1 -1  1 -1  1  1 -1 -1  1 -1  1]
 [ 1 -1 -1 -1  1  1 -1  1 -1 -1  1 -1  1 -1 -1  1  1 -1  1 -1]
 [-1  1  1  1 -1 -1  1 -1  1 -1 -1  1 -1  1 -1 -1  1  1 -1 -1]
 [ 1 -1 -1 -1  1  1 -1  1 -1  1  1 -1  1 -1  1  1 -1 -1  1  1]
 [ 1 -1 -1 -1 -1  1 -1  1 -1  1  1 -1  1 -1 -1  1 -1 -1  1  1]
 [-1  1  1  1 -1 -1  1 -1  1  1 -1  1 -1  1  1 -1  1  1 -1 -1]
 [ 1 -1 -1 -1  1  1 -1  1 -1 -1  1 -1  1 -1 -1  1 -1 -1  1  1]
 [-1  1  1  1 -1 -1  1 -1  1 -1 -1  1 -1  1 -1 -1  1  1  1 -1]
 [ 1 -1 -1 -1  1  1 -1  1 -1  1  1 -1  1 -1  1  1 -1 -1 -1  1]
 [ 1 -1 -1 -1 -1  1  1  1 -1 -1  1 -1  1  1 -1 -1  1 -1  1 -1]
 [ 1 -1 -1 -1 -1  1 -1  1 -1 -1  1 -1  1 -1 -1  1 -1 -1  1 -1]
 [ 1 -1 -1 -1  1  1 -1  1 -1  1  1 -1  1 -1 -1  1 -1 -1  1  1]
 [-1  1  1  1 -1 -1  1 -1  1 -1 -1  1 -1  1  1 -1  1  1 -1 -1]
 [-1  1  1  1 -1 -1  1 -1  1  1 -1  1 -1  1  1 -1 -1  1 -1 -1]
 [ 1 -1 -1 -1  1  1 -1  1 -1 -1  1 -1  1 -1 -1  1  1 -1  1  1]
 [ 1 -1 -1 -1 -1  1 -1  1 -1 -1  1 -1  1 -1 -1  1 -1 -1  1  1]
 [ 1 -1 -1 -1 -1  1 -1  1 -1  1  1 -1  1 -1 -1  1 -1 -1 -1  1]
 [ 1 -1 -1 -1  1  1 -1  1 -1  1  1 -1  1 -1 -1  1 -1 -1 -1  1]
 [ 1 -1 -1 -1 -1  1 -1  1 -1 -1  1 -1  1 -1 -1  1  1 -1  1  1]
 [ 1 -1 -1 -1  1  1 -1  1 -1 -1  1 -1  1 -1  1  1  1 -1  1 -1]
 [ 1 -1 -1 -1 -1  1  1  1 -1 -1  1 -1  1  1 -1  1  1 -1  1 -1]
 [ 1 -1 -1 -1 -1  1  1  1 -1 -1  1 -1  1  1 -1  1 -1 -1  1  1]
 [-1  1  1  1  1 -1 -1 -1  1  1 -1  1 -1  1  1 -1  1  1 -1 -1]
 [ 1 -1 -1 -1 -1  1  1  1 -1 -1  1 -1  1 -1 -1  1 -1 -1  1  1]
 [ 1 -1 -1 -1 -1  1  1  1 -1  1  1 -1  1 -1 -1  1 -1 -1  1  1]
 [-1  1  1  1 -1 -1  1 -1  1 -1 -1  1 -1  1 -1 -1 -1  1  1 -1]
 [ 1 -1 -1 -1 -1  1  1  1 -1 -1  1 -1  1  1 -1  1 -1 -1  1 -1]
 [ 1  1 -1 -1 -1  1 -1  1 -1 -1  1 -1  1 -1 -1  1  1 -1  1  1]
 [ 1 -1 -1 -1 -1  1  1  1 -1 -1  1 -1  1  1 -1  1  1  1  1 -1]
 [ 1 -1 -1 -1  1  1 -1  1 -1 -1  1 -1  1 -1 -1  1  1 -1 -1 -1]
 [ 1 -1 -1 -1  1  1 -1  1 -1  1  1 -1  1 -1  1  1 -1 -1 -1 -1]
 [-1  1  1  1 -1 -1  1 -1  1 -1 -1  1 -1  1  1 -1 -1  1  1 -1]
 [ 1 -1 -1 -1 -1  1 -1  1 -1 -1  1 -1  1 -1 -1  1 -1 -1 -1  1]
 [-1 -1  1 -1 -1 -1  1 -1  1  1 -1 -1 -1  1  1 -1 -1 -1  1  1]
 [ 1  1 -1 -1 -1  1 -1  1 -1 -1 -1 -1  1 -1 -1  1  1  1 -1 -1]
 [ 1 -1 -1  1  1  1 -1  1 -1 -1  1  1  1 -1  1  1 -1 -1  1  1]
 [ 1 -1 -1 -1  1  1 -1  1 -1  1  1 -1  1 -1  1  1 -1 -1  1 -1]
 [ 1 -1 -1 -1  1  1 -1  1 -1  1  1 -1  1 -1  1 -1 -1 -1 -1 -1]
 [ 1 -1 -1 -1 -1  1  1  1 -1  1  1 -1  1 -1 -1  1  1  1  1  1]] 
sampleset energy: [-28.14 -28.12 -28.04 -28.04 -28.02 -28.02 -27.72 -27.72 -27.68 -27.68
 -27.66 -27.46 -27.46 -27.38 -27.38 -26.94 -26.62 -26.38 -26.38 -26.28
 -26.28 -28.14 -26.12 -26.08 -26.   -25.9  -25.7  -24.04 -21.86 -21.86
 -20.5  -24.2  -22.64 -23.5  -23.58 -23.18 -23.1  -22.9  -22.64 -22.3
 -22.18 -21.86 -21.76 -20.9  -19.64] 
Chain strength: 3.1118089182081863, Ground state probability: 0.1
Ground state is: Sample(sample={0: 1, 1: -1, 2: -1, 3: -1, 4: -1, 5: 1, 6: -1, 7: 1, 8: -1, 9: -1, 10: 1, 11: -1, 12: 1, 13: -1, 14: -1, 15: 1, 16: -1, 17: -1, 18: 1, 19: 1}, energy=-28.14, num_occurrences=9, chain_break_fraction=0.0), Ground state energy: -28.14
