1 2 -0.4 
1 3 0.24
1 4 0.99
1 5 0.13
1 6 -0.79
1 7 -0.94
1 8 -0.37
1 9 -0.38
1 10 0.51
1 11 -0.8
1 12 -0.36
1 13 -0.55
1 14 0.9
1 15 -0.87
2 3 -0.78
2 4 -0.85
2 5 -0.46
2 6 -0.76
2 7 0.16
2 8 -0.4
2 9 0.72
2 10 -0.78
2 11 -0.29
2 12 -0.52
2 13 0.17
2 14 -0.49
2 15 0.22
3 4 0.41
3 5 -0.34
3 6 0.89
3 7 -0.49
3 8 -0.83
3 9 0.21
3 10 -0.5
3 11 -0.8
3 12 -0.0
3 13 0.24
3 14 -0.65
3 15 -0.62
4 5 -0.18
4 6 0.46
4 7 0.2
4 8 0.34
4 9 -0.64
4 10 -0.33
4 11 0.26
4 12 0.65
4 13 0.94
4 14 -0.48
4 15 0.38
5 6 0.94
5 7 0.63
5 8 -0.21
5 9 0.93
5 10 0.9
5 11 0.11
5 12 -0.17
5 13 -0.09
5 14 0.4
5 15 0.67
6 7 -0.69
6 8 0.08
6 9 0.78
6 10 -0.63
6 11 -1.0
6 12 0.48
6 13 0.61
6 14 0.08
6 15 -0.03
7 8 -0.51
7 9 -0.02
7 10 0.21
7 11 0.07
7 12 0.49
7 13 -0.07
7 14 -0.65
7 15 -0.08
8 9 0.35
8 10 0.72
8 11 -0.34
8 12 -0.4
8 13 0.84
8 14 0.12
8 15 -0.6
9 10 -0.64
9 11 0.22
9 12 -0.09
9 13 0.97
9 14 0.5
9 15 -0.17
10 11 -0.2
10 12 -0.76
10 13 -0.71
10 14 0.26
10 15 0.48
11 12 0.74
11 13 -0.29
11 14 -0.88
11 15 0.64
12 13 0.53
12 14 0.24 
12 15 0.46
13 14 0.87
13 15 -0.61
14 15 0.71