------annealing = 1500, numread = 300
sampleset info: {'timing': {'qpu_sampling_time': 560988.0, 'qpu_anneal_time_per_sample': 1500.0, 'qpu_readout_time_per_sample': 349.42, 'qpu_access_time': 571943.51, 'qpu_access_overhead_time': 2090.49, 'qpu_programming_time': 10955.51, 'qpu_delay_time_per_sample': 20.54, 'post_processing_overhead_time': 2253.0, 'total_post_processing_time': 2253.0}, 'problem_id': '895b7a6a-02d4-4f7c-beba-7b1ed2f10fc8', 'embedding_context': {'embedding': {1: (577, 705, 449, 445, 453), 0: (319, 312, 696, 568, 440), 2: (708, 700, 688, 692), 3: (318, 570, 314, 698, 442), 4: (718, 694, 702, 710), 5: (315, 699, 571, 443), 6: (455, 691, 563, 435, 439, 447), 7: (451, 707, 572, 580, 579), 8: (715, 693, 701, 717, 709), 9: (573, 581, 450, 706, 578), 10: (689, 561, 566, 582, 574), 11: (712, 695, 719, 703, 711), 12: (690, 562, 583, 575, 567), 13: (697, 569, 446, 441), 14: (444, 704, 576, 448, 452)}, 'chain_break_method': 'majority_vote', 'embedding_parameters': {}, 'chain_strength': 2.9802254226506646}, 'warnings': []} 
sampleset record: [[ 1  1 -1 ... -1  1 -1]
 [-1 -1  1 ...  1 -1  1]
 [-1  1 -1 ... -1 -1  1]
 ...
 [-1 -1  1 ...  1  1 -1]
 [-1  1  1 ...  1 -1  1]
 [ 1 -1 -1 ... -1  1 -1]] 
sampleset energy: [-18.64 -18.64 -18.36 -18.36 -18.   -18.   -17.8  -17.8  -17.76 -17.76
 -17.68 -17.68 -17.48 -17.48 -17.34 -17.32 -17.32 -17.24 -17.24 -17.08
 -17.08 -17.04 -17.   -16.98 -16.98 -16.94 -16.76 -16.76 -16.74 -16.5
 -16.5  -16.44 -16.44 -16.4  -16.36 -16.36 -16.2  -16.2  -16.14 -16.06
 -16.02 -16.02 -15.96 -15.94 -15.92 -15.92 -15.9  -15.9  -15.82 -15.78
 -15.76 -15.72 -15.72 -15.7  -15.7  -15.92 -15.64 -15.64 -15.6  -15.5
 -15.48 -15.42 -15.42 -15.36 -15.36 -15.16 -15.1  -15.1  -15.02 -18.36
 -14.78 -14.78 -15.48 -14.04 -13.24 -17.76 -12.86 -18.36 -11.96 -11.96
 -11.84 -10.24] 
Chain strength: 2.9802254226506646, Ground state probability: 0.13666666666666666
Ground state is: Sample(sample={0: 1, 1: 1, 2: -1, 3: -1, 4: -1, 5: -1, 6: -1, 7: 1, 8: -1, 9: 1, 10: -1, 11: -1, 12: -1, 13: 1, 14: -1}, energy=-18.640000000000008, num_occurrences=20, chain_break_fraction=0.0), Ground state energy: -18.640000000000008
------annealing = 1500, numread = 300
sampleset info: {'timing': {'qpu_sampling_time': 560988.0, 'qpu_anneal_time_per_sample': 1500.0, 'qpu_readout_time_per_sample': 349.42, 'qpu_access_time': 571964.91, 'qpu_access_overhead_time': 1863.09, 'qpu_programming_time': 10976.91, 'qpu_delay_time_per_sample': 20.54, 'post_processing_overhead_time': 1981.0, 'total_post_processing_time': 1981.0}, 'problem_id': 'e093fa67-0196-4294-b50c-df3b111e39c5', 'embedding_context': {'embedding': {1: (2021, 1880, 1752, 2008, 2013), 0: (2007, 2023, 1881, 2009, 2015), 2: (1867, 1869, 1893, 1885, 1877), 3: (1873, 1895, 1887, 1879), 4: (1883, 2011, 1755, 1759, 1767), 5: (1637, 2018, 1890, 1634, 1762), 6: (1635, 2019, 1891, 1766, 1763), 7: (2016, 1632, 1760, 1888), 8: (1882, 2010, 1754, 1626, 1630, 1638), 9: (1894, 1870, 1886, 1878), 10: (1764, 1889, 2017, 1633, 1761), 11: (1872, 2000, 2020, 2012, 2004), 12: (1864, 1892, 1868, 1884, 1876), 13: (1757, 1749, 1747, 1765, 2003, 1875), 14: (1874, 2002, 2022, 2014, 2006)}, 'chain_break_method': 'majority_vote', 'embedding_parameters': {}, 'chain_strength': 2.9802254226506646}, 'warnings': []} 
sampleset record: [[ 1  1 -1 ... -1  1 -1]
 [-1 -1  1 ...  1 -1  1]
 [ 1 -1  1 ...  1  1 -1]
 ...
 [ 1 -1  1 ... -1  1  1]
 [ 1 -1  1 ...  1  1 -1]
 [ 1 -1  1 ... -1 -1  1]] 
sampleset energy: [-18.64 -18.64 -18.36 -18.36 -18.   -18.   -17.8  -17.76 -17.76 -17.68
 -17.68 -17.48 -17.34 -17.34 -17.32 -17.24 -17.24 -17.14 -17.14 -17.08
 -17.08 -17.04 -17.04 -17.   -16.94 -16.44 -16.54 -16.5  -16.42 -16.36
 -16.22 -16.2  -16.1  -16.06 -15.96 -15.94 -15.92 -15.92 -15.9  -15.9
 -15.78 -15.72 -15.7  -15.64 -15.42 -15.4  -15.38 -15.16 -15.2  -15.2
 -15.72 -15.1  -14.78 -14.5  -14.5  -14.4  -14.28 -14.26 -14.26 -14.14
 -14.06 -14.   -13.6  -13.4  -13.22 -13.16 -13.1  -12.96 -12.94 -12.84
 -12.48] 
Chain strength: 2.9802254226506646, Ground state probability: 0.16
Ground state is: Sample(sample={0: 1, 1: 1, 2: -1, 3: -1, 4: -1, 5: -1, 6: -1, 7: 1, 8: -1, 9: 1, 10: -1, 11: -1, 12: -1, 13: 1, 14: -1}, energy=-18.640000000000008, num_occurrences=31, chain_break_fraction=0.0), Ground state energy: -18.640000000000008
