------annealing = 500, numread = 100
sampleset info: {'timing': {'qpu_sampling_time': 86996.0, 'qpu_anneal_time_per_sample': 500.0, 'qpu_readout_time_per_sample': 349.42, 'qpu_access_time': 97973.31, 'qpu_access_overhead_time': 1907.69, 'qpu_programming_time': 10977.31, 'qpu_delay_time_per_sample': 20.54, 'post_processing_overhead_time': 187.0, 'total_post_processing_time': 187.0}, 'problem_id': '27c4eda6-6da8-4821-8a69-203d63e4d63b', 'embedding_context': {'embedding': {1: (1308, 1284, 1292, 1300), 0: (897, 1281, 1153, 1025), 2: (1159, 1167, 1291, 1163), 3: (901, 909, 1290, 1162, 1034, 906), 4: (1157, 1173, 1297, 1165, 1169), 5: (898, 1031, 1282, 1154, 1026), 6: (1158, 1307, 1166, 1174, 1182, 1179), 7: (1299, 1171, 1172, 1156, 1164), 8: (1170, 1285, 1293, 1301, 1298), 9: (1306, 1310, 1286, 1294, 1302), 10: (1029, 1283, 899, 1027, 1155), 11: (1030, 1288, 1160, 1032, 1038), 12: (1168, 1287, 1295, 1303, 1296), 13: (1028, 1289, 1161, 1033, 1036), 14: (903, 1280, 1152, 896, 1024)}, 'chain_break_method': 'majority_vote', 'embedding_parameters': {}, 'chain_strength': 2.6936249017097964}, 'warnings': []} 
sampleset record: [[-1 -1  1  1  1  1  1 -1  1 -1  1  1  1 -1  1]
 [ 1  1 -1 -1 -1 -1 -1  1 -1  1 -1 -1 -1  1 -1]
 [-1  1 -1 -1  1 -1  1 -1 -1  1  1 -1 -1 -1  1]
 [ 1 -1  1  1 -1  1 -1  1  1 -1 -1  1  1  1 -1]
 [-1  1  1  1  1  1  1 -1  1 -1  1  1  1 -1  1]
 [ 1 -1 -1 -1 -1 -1 -1  1 -1  1 -1 -1 -1  1 -1]
 [ 1 -1  1  1 -1 -1 -1  1 -1  1 -1 -1 -1 -1 -1]
 [ 1  1 -1 -1  1 -1  1 -1 -1  1 -1 -1 -1  1  1]
 [-1 -1  1  1 -1  1 -1  1  1 -1  1  1  1 -1 -1]
 [-1 -1  1  1  1  1  1 -1  1 -1  1  1  1  1  1]
 [ 1  1 -1 -1 -1 -1 -1  1 -1  1 -1 -1 -1  1  1]
 [-1 -1  1  1  1  1  1 -1  1 -1  1  1  1 -1 -1]
 [ 1 -1  1 -1 -1 -1 -1  1 -1  1 -1 -1 -1  1 -1]
 [ 1  1 -1 -1  1 -1 -1 -1 -1  1 -1 -1 -1  1  1]
 [-1 -1  1  1 -1  1  1  1  1 -1  1  1  1 -1 -1]
 [-1  1  1  1 -1  1  1 -1  1 -1  1  1  1 -1 -1]
 [ 1 -1 -1 -1  1 -1 -1  1 -1  1 -1 -1 -1  1  1]
 [ 1  1 -1 -1  1 -1 -1  1 -1  1 -1 -1 -1  1  1]
 [ 1  1 -1 -1 -1 -1  1  1 -1  1 -1 -1 -1 -1 -1]
 [ 1 -1 -1 -1  1 -1 -1  1 -1  1 -1 -1 -1  1 -1]
 [-1 -1  1  1 -1  1  1 -1 -1 -1  1  1  1 -1 -1]
 [-1 -1 -1  1  1  1 -1  1  1 -1  1  1  1  1  1]
 [ 1  1 -1 -1 -1 -1 -1  1  1  1 -1 -1  1  1 -1]
 [ 1  1 -1 -1  1 -1 -1  1  1  1 -1 -1  1  1 -1]
 [-1 -1  1  1 -1  1  1 -1 -1 -1  1  1  1 -1  1]
 [ 1 -1 -1 -1  1 -1  1  1 -1  1 -1 -1 -1  1 -1]
 [ 1 -1 -1  1 -1 -1 -1  1 -1  1 -1 -1 -1 -1 -1]
 [ 1 -1  1  1 -1  1 -1  1  1 -1 -1  1  1  1  1]
 [ 1  1 -1 -1  1 -1  1 -1 -1  1 -1  1 -1  1  1]
 [-1 -1 -1  1 -1 -1  1  1 -1  1  1  1 -1 -1  1]
 [-1 -1  1  1 -1  1 -1  1  1 -1  1  1  1 -1 -1]
 [-1 -1  1  1 -1  1 -1  1 -1 -1  1 -1  1 -1 -1]] 
sampleset energy: [-18.64 -18.64 -18.36 -18.36 -18.   -18.   -17.76 -17.68 -17.68 -17.34
 -17.24 -17.24 -17.08 -16.98 -16.98 -16.76 -16.76 -16.44 -16.4  -16.36
 -16.2  -16.14 -16.02 -15.9  -15.6  -14.7  -14.44 -11.8  -12.62 -12.06
 -17.68 -10.54] 
Chain strength: 2.6936249017097964, Ground state probability: 0.47
Ground state is: Sample(sample={0: -1, 1: -1, 2: 1, 3: 1, 4: 1, 5: 1, 6: 1, 7: -1, 8: 1, 9: -1, 10: 1, 11: 1, 12: 1, 13: -1, 14: 1}, energy=-18.640000000000008, num_occurrences=15, chain_break_fraction=0.0), Ground state energy: -18.640000000000008
