------annealing = 500, numread = 100
sampleset info: {'timing': {'qpu_sampling_time': 86996.0, 'qpu_anneal_time_per_sample': 500.0, 'qpu_readout_time_per_sample': 349.42, 'qpu_access_time': 97983.31, 'qpu_access_overhead_time': 895.69, 'qpu_programming_time': 10987.31, 'qpu_delay_time_per_sample': 20.54, 'post_processing_overhead_time': 280.0, 'total_post_processing_time': 280.0}, 'problem_id': 'c7c232c1-0e8d-471e-a9ea-00394a2fc029', 'embedding_context': {'embedding': {1: (871, 760, 632, 888, 895, 879, 887), 0: (613, 745, 621, 637, 617, 629), 2: (636, 628, 620, 604, 612, 603, 731), 3: (882, 754, 487, 495, 503, 498, 626), 4: (766, 758, 734, 742, 750), 5: (633, 870, 878, 886, 894, 889, 761), 6: (728, 767, 759, 751, 735, 743), 7: (729, 733, 765, 757, 749, 741), 8: (635, 763, 614, 622, 638, 630), 9: (762, 634, 615, 623, 631, 639), 10: (502, 494, 486, 480, 736, 608, 864), 11: (884, 868, 876, 746, 618, 874), 12: (756, 880, 624, 496, 752), 13: (497, 881, 753, 625), 14: (866, 610, 482, 738), 15: (740, 865, 609, 481, 737), 16: (616, 872, 488, 744), 17: (875, 619, 748, 491, 747), 18: (493, 485, 867, 611, 739, 483), 19: (869, 755, 877, 885, 627, 883)}, 'chain_break_method': 'majority_vote', 'embedding_parameters': {}, 'chain_strength': 2.9959267202802318}, 'warnings': []} 
sampleset record: [[-1  1  1  1  1 -1  1 -1  1  1 -1  1 -1  1  1 -1  1  1 -1 -1]
 [ 1 -1 -1 -1 -1  1 -1  1 -1 -1  1 -1  1 -1 -1  1 -1 -1  1  1]
 [-1  1  1  1  1 -1  1 -1  1  1 -1  1 -1 -1  1 -1  1  1 -1 -1]
 [ 1 -1 -1 -1 -1  1 -1  1 -1 -1  1 -1  1  1 -1  1 -1 -1  1  1]
 [ 1 -1 -1 -1 -1  1 -1  1 -1 -1  1 -1  1 -1 -1  1  1 -1  1 -1]
 [-1  1  1  1  1 -1  1 -1  1  1 -1  1 -1  1  1 -1 -1  1 -1  1]
 [-1  1  1  1  1 -1  1 -1  1  1 -1  1 -1 -1  1 -1 -1  1 -1  1]
 [ 1 -1 -1 -1 -1  1 -1  1 -1 -1  1 -1  1  1 -1  1  1 -1  1 -1]
 [ 1 -1 -1 -1  1  1 -1  1 -1 -1  1 -1  1 -1 -1  1  1 -1  1 -1]
 [-1  1  1  1 -1 -1  1 -1  1  1 -1  1 -1  1  1 -1 -1  1 -1  1]
 [-1  1  1  1 -1 -1  1 -1  1 -1 -1  1 -1  1 -1 -1  1  1 -1 -1]
 [ 1 -1 -1 -1 -1  1 -1  1 -1  1  1 -1  1 -1 -1  1 -1 -1  1  1]
 [-1  1  1  1  1 -1  1 -1  1 -1 -1  1 -1  1  1 -1  1  1 -1 -1]
 [-1  1  1  1 -1 -1  1 -1  1  1 -1  1 -1  1  1 -1  1  1 -1 -1]
 [-1  1  1  1 -1 -1  1 -1  1 -1 -1  1 -1  1 -1 -1  1  1  1 -1]
 [ 1 -1 -1 -1 -1  1 -1  1 -1 -1  1 -1  1  1 -1  1 -1 -1  1  1]
 [-1  1  1  1 -1 -1  1 -1  1 -1 -1  1 -1  1 -1 -1 -1  1 -1 -1]
 [-1  1  1  1  1 -1  1 -1  1 -1 -1  1 -1  1  1 -1  1  1  1 -1]
 [-1  1  1  1 -1 -1  1 -1  1 -1 -1  1 -1  1  1 -1  1  1  1 -1]
 [-1 -1  1  1  1 -1  1 -1  1  1 -1  1 -1  1  1 -1  1  1 -1 -1]
 [-1  1  1  1 -1 -1  1 -1  1  1 -1  1 -1  1  1 -1 -1  1 -1  1]
 [-1 -1  1 -1 -1 -1  1 -1  1  1 -1 -1 -1  1  1 -1  1  1  1 -1]
 [-1  1 -1  1 -1  1  1  1 -1 -1 -1  1 -1  1 -1 -1  1  1 -1 -1]
 [-1 -1  1 -1 -1 -1  1 -1  1  1 -1  1 -1  1  1 -1  1  1 -1 -1]
 [-1  1  1 -1 -1 -1  1 -1  1  1 -1 -1 -1  1 -1 -1  1  1  1  1]
 [ 1  1  1 -1  1  1 -1  1 -1  1  1 -1  1 -1  1  1  1  1 -1  1]
 [-1  1  1  1 -1 -1  1 -1  1 -1 -1  1 -1  1 -1 -1 -1  1  1  1]
 [-1  1 -1  1 -1 -1  1 -1  1  1 -1 -1 -1  1 -1 -1 -1  1 -1  1]
 [-1 -1  1 -1 -1 -1  1 -1  1  1 -1  1 -1  1  1 -1  1  1  1 -1]
 [-1 -1  1 -1 -1  1  1  1  1  1 -1  1 -1  1  1 -1  1  1 -1 -1]
 [-1  1  1  1  1 -1  1 -1  1  1 -1  1 -1  1  1 -1 -1  1  1  1]
 [-1  1  1 -1 -1 -1  1 -1  1  1 -1  1 -1  1  1 -1 -1  1 -1  1]] 
sampleset energy: [-28.14 -28.14 -28.12 -28.12 -28.04 -28.04 -28.02 -28.02 -27.72 -27.72
 -27.68 -27.66 -27.66 -27.46 -27.38 -28.12 -26.42 -26.12 -26.08 -24.96
 -27.72 -24.2  -24.08 -24.04 -23.68 -23.48 -23.48 -23.38 -23.1  -22.78
 -22.26 -22.36] 
Chain strength: 2.9959267202802318, Ground state probability: 0.09
Ground state is: Sample(sample={0: -1, 1: 1, 2: 1, 3: 1, 4: 1, 5: -1, 6: 1, 7: -1, 8: 1, 9: 1, 10: -1, 11: 1, 12: -1, 13: 1, 14: 1, 15: -1, 16: 1, 17: 1, 18: -1, 19: -1}, energy=-28.14, num_occurrences=6, chain_break_fraction=0.0), Ground state energy: -28.14
------annealing = 500, numread = 100
sampleset info: {'timing': {'qpu_sampling_time': 86996.0, 'qpu_anneal_time_per_sample': 500.0, 'qpu_readout_time_per_sample': 349.42, 'qpu_access_time': 98008.51, 'qpu_access_overhead_time': 1947.49, 'qpu_programming_time': 11012.51, 'qpu_delay_time_per_sample': 20.54, 'post_processing_overhead_time': 280.0, 'total_post_processing_time': 280.0}, 'problem_id': 'dc504144-2c54-4c8f-a160-4ecb04571fbc', 'embedding_context': {'embedding': {1: (170, 165, 197, 189, 181, 173), 0: (430, 446, 58, 314, 438, 186, 442), 2: (160, 288, 295, 303, 311, 327, 319), 3: (167, 175, 199, 191, 183), 4: (325, 317, 309, 301, 161, 289, 293), 5: (320, 45, 192, 64, 53, 61, 69), 6: (62, 57, 174, 198, 313, 185, 182, 190), 7: (171, 290, 292, 299, 324, 316, 300, 308), 8: (428, 323, 67, 451, 195, 436, 444, 452), 9: (68, 44, 52, 60, 315, 187, 59), 10: (166, 71, 63, 162, 34, 39, 47, 55), 11: (65, 429, 193, 321, 437, 453, 445, 449), 12: (440, 312, 184, 56), 13: (322, 66, 188, 196, 194), 14: (424, 40, 296, 168), 15: (51, 435, 307, 179), 16: (431, 302, 172, 425, 41, 169, 297), 17: (432, 310, 48, 176, 304), 18: (49, 433, 305, 180, 177), 19: (439, 50, 434, 178, 306)}, 'chain_break_method': 'majority_vote', 'embedding_parameters': {}, 'chain_strength': 2.9959267202802318}, 'warnings': [{'type': <class 'dwave.system.warnings.ChainLengthWarning'>, 'message': 'Chain length greater than 7', 'level': 30, 'data': {'target_variables': (62, 57, 174, 198, 313, 185, 182, 190), 'source_variables': [6]}}, {'type': <class 'dwave.system.warnings.ChainLengthWarning'>, 'message': 'Chain length greater than 7', 'level': 30, 'data': {'target_variables': (171, 290, 292, 299, 324, 316, 300, 308), 'source_variables': [7]}}, {'type': <class 'dwave.system.warnings.ChainLengthWarning'>, 'message': 'Chain length greater than 7', 'level': 30, 'data': {'target_variables': (428, 323, 67, 451, 195, 436, 444, 452), 'source_variables': [8]}}, {'type': <class 'dwave.system.warnings.ChainLengthWarning'>, 'message': 'Chain length greater than 7', 'level': 30, 'data': {'target_variables': (166, 71, 63, 162, 34, 39, 47, 55), 'source_variables': [10]}}, {'type': <class 'dwave.system.warnings.ChainLengthWarning'>, 'message': 'Chain length greater than 7', 'level': 30, 'data': {'target_variables': (65, 429, 193, 321, 437, 453, 445, 449), 'source_variables': [11]}}]} 
sampleset record: [[-1  1  1  1  1 -1  1 -1  1  1 -1  1 -1  1  1 -1  1  1 -1 -1]
 [ 1 -1 -1 -1 -1  1 -1  1 -1 -1  1 -1  1 -1 -1  1 -1 -1  1  1]
 [-1  1  1  1  1 -1  1 -1  1  1 -1  1 -1 -1  1 -1  1  1 -1 -1]
 [ 1 -1 -1 -1 -1  1 -1  1 -1 -1  1 -1  1 -1 -1  1  1 -1  1 -1]
 [-1  1  1  1  1 -1  1 -1  1  1 -1  1 -1  1  1 -1 -1  1 -1  1]
 [-1  1  1  1  1 -1  1 -1  1  1 -1  1 -1 -1  1 -1 -1  1 -1  1]
 [-1  1  1  1 -1 -1  1 -1  1  1 -1  1 -1  1  1 -1 -1  1 -1  1]
 [ 1 -1 -1 -1  1  1 -1  1 -1 -1  1 -1  1 -1 -1  1  1 -1  1 -1]
 [-1  1  1  1 -1 -1  1 -1  1 -1 -1  1 -1  1 -1 -1  1  1 -1 -1]
 [ 1 -1 -1 -1  1  1 -1  1 -1  1  1 -1  1 -1  1  1 -1 -1  1  1]
 [-1  1  1  1  1 -1  1 -1  1 -1 -1  1 -1  1  1 -1  1  1 -1 -1]
 [-1  1  1  1 -1 -1  1 -1  1  1 -1  1 -1  1  1 -1  1  1 -1 -1]
 [ 1 -1 -1 -1  1  1 -1  1 -1  1  1 -1  1 -1  1  1 -1 -1 -1  1]
 [-1  1  1  1 -1 -1  1 -1  1 -1 -1  1 -1  1 -1 -1  1  1  1 -1]
 [-1  1  1  1  1 -1 -1 -1  1  1 -1  1 -1 -1  1  1 -1  1 -1  1]
 [-1  1  1  1  1 -1  1 -1  1  1 -1  1 -1  1  1 -1  1  1 -1  1]
 [-1  1  1  1  1 -1  1 -1  1  1 -1  1 -1 -1  1 -1  1  1 -1  1]
 [-1  1  1  1 -1 -1  1 -1  1 -1 -1  1 -1  1 -1 -1 -1  1 -1 -1]
 [-1  1  1  1 -1 -1  1 -1  1 -1 -1  1 -1  1  1 -1  1  1 -1 -1]
 [-1  1  1  1 -1 -1  1 -1  1  1 -1  1 -1  1  1 -1 -1  1 -1 -1]
 [-1  1  1  1  1 -1  1 -1  1  1 -1  1 -1  1  1 -1 -1  1 -1 -1]
 [-1  1  1  1  1 -1  1 -1  1  1 -1  1 -1 -1  1 -1 -1  1 -1 -1]
 [-1  1  1  1  1 -1  1 -1  1  1 -1  1 -1  1  1  1 -1  1 -1  1]
 [-1  1  1  1  1 -1  1 -1  1  1 -1  1 -1 -1  1  1 -1  1 -1  1]
 [-1  1  1  1 -1 -1  1 -1  1 -1 -1  1 -1  1 -1 -1  1  1 -1 -1]
 [-1  1  1  1  1 -1 -1 -1  1  1 -1  1 -1 -1  1 -1 -1  1 -1  1]
 [-1  1  1  1  1 -1  1 -1  1  1 -1  1 -1  1  1 -1 -1  1 -1  1]
 [-1  1  1  1  1 -1  1 -1  1 -1 -1  1 -1 -1  1 -1  1  1 -1 -1]
 [-1  1  1  1  1 -1  1 -1  1  1 -1  1 -1 -1  1 -1  1  1 -1 -1]
 [-1  1  1  1  1 -1 -1 -1  1  1 -1  1 -1 -1  1 -1 -1  1 -1 -1]
 [-1  1  1  1 -1 -1  1 -1  1  1 -1  1 -1  1 -1 -1  1  1 -1  1]
 [-1  1  1  1 -1 -1  1 -1  1  1  1  1 -1  1  1 -1 -1  1 -1  1]] 
sampleset energy: [-28.14 -28.14 -28.12 -28.04 -28.04 -28.02 -27.72 -27.72 -27.68 -27.68
 -27.66 -27.46 -27.38 -27.38 -26.94 -26.62 -26.6  -26.42 -26.38 -26.28
 -26.   -25.98 -25.96 -25.94 -27.68 -25.7  -28.04 -25.   -28.12 -23.54
 -23.52 -21.62] 
Chain strength: 2.9959267202802318, Ground state probability: 0.11
Ground state is: Sample(sample={0: -1, 1: 1, 2: 1, 3: 1, 4: 1, 5: -1, 6: 1, 7: -1, 8: 1, 9: 1, 10: -1, 11: 1, 12: -1, 13: 1, 14: 1, 15: -1, 16: 1, 17: 1, 18: -1, 19: -1}, energy=-28.14, num_occurrences=9, chain_break_fraction=0.0), Ground state energy: -28.14
------annealing = 500, numread = 100
sampleset info: {'timing': {'qpu_sampling_time': 86996.0, 'qpu_anneal_time_per_sample': 500.0, 'qpu_readout_time_per_sample': 349.42, 'qpu_access_time': 97993.91, 'qpu_access_overhead_time': 1032.09, 'qpu_programming_time': 10997.91, 'qpu_delay_time_per_sample': 20.54, 'post_processing_overhead_time': 403.0, 'total_post_processing_time': 403.0}, 'problem_id': '3449d47d-170b-4f3b-bf81-617973076cf6', 'embedding_context': {'embedding': {1: (1225, 1097, 1126, 1118, 1110, 1102), 0: (1127, 1227, 1099, 1103, 1119, 1111), 2: (1258, 1261, 1253, 1229, 1237, 1245), 3: (1109, 1242, 986, 1114, 1125, 1117), 4: (1226, 998, 990, 982, 974, 970, 1098), 5: (1257, 1260, 1252, 1228, 1236, 1244), 6: (997, 981, 1241, 1113, 985, 989), 7: (996, 1240, 1112, 984, 980, 988), 8: (983, 991, 1251, 1123, 995, 999), 9: (1224, 1096, 1124, 1116, 1108, 1100), 10: (1262, 1230, 1238, 1246, 1254), 11: (1259, 1231, 1263, 1255, 1239, 1247), 12: (1235, 1107, 979, 851), 13: (852, 849, 1233, 1105, 977), 14: (1250, 994, 1122), 15: (1120, 1380, 992, 1376, 1382, 1248), 16: (1371, 987, 1115, 1243), 17: (993, 1121, 1368, 1375, 1383, 1249, 1377), 18: (1106, 1374, 978, 1366, 1362, 1234), 19: (1372, 1364, 976, 1104, 1232, 1360)}, 'chain_break_method': 'majority_vote', 'embedding_parameters': {}, 'chain_strength': 2.9959267202802318}, 'warnings': []} 
sampleset record: [[-1  1  1  1  1 -1  1 -1  1  1 -1  1 -1  1  1 -1  1  1 -1 -1]
 [-1  1  1  1  1 -1  1 -1  1  1 -1  1 -1 -1  1 -1  1  1 -1 -1]
 [ 1 -1 -1 -1 -1  1 -1  1 -1 -1  1 -1  1  1 -1  1 -1 -1  1  1]
 [-1  1  1  1  1 -1  1 -1  1  1 -1  1 -1  1  1 -1 -1  1 -1  1]
 [ 1 -1 -1 -1 -1  1 -1  1 -1 -1  1 -1  1 -1 -1  1  1 -1  1 -1]
 [ 1 -1 -1 -1 -1  1 -1  1 -1 -1  1 -1  1  1 -1  1  1 -1  1 -1]
 [ 1 -1 -1 -1  1  1 -1  1 -1 -1  1 -1  1 -1 -1  1  1 -1  1 -1]
 [-1  1  1  1 -1 -1  1 -1  1 -1 -1  1 -1  1 -1 -1  1  1 -1 -1]
 [ 1 -1 -1 -1  1  1 -1  1 -1  1  1 -1  1 -1  1  1 -1 -1  1  1]
 [ 1 -1 -1 -1 -1  1 -1  1 -1  1  1 -1  1 -1 -1  1 -1 -1  1  1]
 [-1  1  1  1  1 -1  1 -1  1 -1 -1  1 -1  1  1 -1  1  1 -1 -1]
 [ 1 -1 -1 -1  1  1 -1  1 -1 -1  1 -1  1 -1 -1  1 -1 -1  1  1]
 [-1  1  1  1 -1 -1  1 -1  1  1 -1  1 -1  1  1 -1  1  1 -1 -1]
 [ 1 -1 -1 -1  1  1 -1  1 -1  1  1 -1  1 -1  1  1 -1 -1 -1  1]
 [ 1 -1 -1 -1 -1  1  1  1 -1 -1  1 -1  1  1 -1 -1  1 -1  1 -1]
 [ 1 -1 -1 -1 -1  1 -1  1 -1 -1  1 -1  1  1 -1  1 -1 -1  1 -1]
 [-1  1  1  1 -1 -1  1 -1  1 -1 -1  1 -1  1 -1 -1 -1  1 -1 -1]
 [-1  1  1  1 -1 -1  1 -1  1 -1 -1  1 -1  1  1 -1  1  1 -1 -1]
 [-1  1  1  1 -1 -1  1 -1  1  1 -1  1 -1  1  1 -1 -1  1 -1 -1]
 [ 1 -1 -1 -1 -1  1 -1  1 -1 -1  1 -1  1  1 -1  1  1 -1  1  1]
 [ 1 -1 -1 -1 -1  1 -1  1 -1 -1  1 -1  1  1 -1 -1  1 -1  1 -1]
 [ 1 -1 -1 -1 -1  1  1  1 -1 -1  1 -1  1  1 -1  1  1 -1  1 -1]
 [-1  1  1  1 -1 -1  1 -1  1  1 -1  1 -1  1 -1 -1  1  1 -1 -1]
 [-1  1  1  1  1 -1 -1 -1  1  1 -1  1 -1 -1  1  1 -1 -1 -1  1]
 [ 1 -1 -1 -1 -1  1  1  1 -1 -1  1 -1  1  1 -1 -1  1  1  1 -1]
 [ 1  1 -1 -1  1  1 -1  1 -1 -1  1 -1  1 -1 -1  1 -1 -1  1  1]
 [ 1 -1 -1 -1  1  1 -1  1 -1 -1  1 -1  1 -1 -1 -1  1 -1  1 -1]
 [-1 -1  1  1 -1 -1  1 -1  1  1 -1  1 -1  1  1 -1 -1  1 -1 -1]
 [ 1  1 -1 -1  1  1 -1  1 -1 -1  1 -1  1 -1 -1  1  1 -1  1  1]
 [ 1 -1 -1 -1  1  1 -1  1 -1  1  1 -1  1 -1  1  1  1 -1 -1  1]
 [ 1 -1 -1 -1 -1  1  1  1 -1 -1  1 -1  1  1 -1 -1 -1 -1  1  1]
 [-1  1  1  1  1 -1 -1 -1  1  1 -1  1 -1 -1  1 -1  1  1 -1 -1]
 [ 1 -1 -1 -1  1  1 -1  1 -1  1  1 -1  1 -1  1 -1 -1 -1 -1  1]
 [ 1 -1 -1 -1 -1  1  1  1 -1 -1  1 -1  1  1 -1 -1 -1 -1  1 -1]
 [-1  1  1  1  1 -1 -1 -1  1  1 -1  1 -1 -1  1  1 -1  1 -1 -1]
 [-1  1 -1  1 -1 -1  1 -1  1 -1 -1  1 -1  1 -1 -1  1  1 -1 -1]
 [ 1 -1 -1 -1 -1  1  1  1 -1 -1  1 -1  1  1 -1  1  1 -1  1  1]
 [ 1 -1 -1 -1  1  1 -1  1 -1  1  1 -1  1 -1  1 -1 -1 -1  1  1]
 [-1  1  1  1  1 -1  1 -1  1  1 -1  1 -1 -1  1 -1 -1 -1 -1  1]
 [-1  1  1 -1 -1 -1  1 -1  1  1 -1 -1 -1  1  1 -1  1  1  1  1]
 [ 1  1 -1 -1 -1  1 -1  1 -1 -1  1 -1  1  1 -1 -1 -1 -1  1  1]
 [ 1 -1 -1 -1  1  1 -1  1 -1  1  1  1  1 -1  1  1  1 -1 -1  1]
 [ 1 -1 -1 -1 -1  1 -1  1 -1  1  1 -1  1 -1 -1 -1  1 -1  1  1]
 [ 1 -1 -1 -1 -1  1 -1  1 -1  1  1 -1  1 -1  1 -1 -1 -1 -1  1]
 [ 1 -1 -1 -1 -1  1  1  1 -1 -1  1 -1  1  1 -1  1  1  1  1  1]
 [ 1  1 -1 -1  1  1 -1  1 -1  1  1 -1  1 -1  1 -1  1  1 -1  1]
 [-1 -1 -1  1 -1  1  1 -1  1 -1 -1  1 -1  1 -1 -1 -1  1 -1 -1]
 [-1  1  1  1 -1 -1  1 -1  1  1 -1  1 -1  1  1 -1 -1  1 -1 -1]
 [ 1 -1 -1 -1 -1  1  1  1 -1 -1  1 -1  1 -1 -1  1  1 -1 -1 -1]
 [ 1 -1 -1 -1 -1  1  1  1 -1 -1  1  1  1  1 -1  1  1 -1  1  1]] 
sampleset energy: [-28.14 -28.12 -28.12 -28.04 -28.04 -28.02 -27.72 -27.68 -27.68 -27.66
 -27.66 -27.46 -27.46 -27.38 -26.94 -26.6  -26.42 -26.38 -26.28 -25.98
 -25.94 -25.7  -25.64 -25.46 -25.46 -24.84 -24.48 -24.34 -24.34 -24.2
 -24.12 -24.04 -24.02 -23.88 -23.62 -23.58 -23.54 -23.28 -23.26 -23.22
 -22.98 -22.9  -22.2  -21.58 -21.26 -21.26 -19.92 -26.28 -14.54 -21.32] 
Chain strength: 2.9959267202802318, Ground state probability: 0.01
Ground state is: Sample(sample={0: -1, 1: 1, 2: 1, 3: 1, 4: 1, 5: -1, 6: 1, 7: -1, 8: 1, 9: 1, 10: -1, 11: 1, 12: -1, 13: 1, 14: 1, 15: -1, 16: 1, 17: 1, 18: -1, 19: -1}, energy=-28.14, num_occurrences=1, chain_break_fraction=0.0), Ground state energy: -28.14
------annealing = 500, numread = 100
sampleset info: {'timing': {'qpu_sampling_time': 86996.0, 'qpu_anneal_time_per_sample': 500.0, 'qpu_readout_time_per_sample': 349.42, 'qpu_access_time': 97973.91, 'qpu_access_overhead_time': 953.09, 'qpu_programming_time': 10977.91, 'qpu_delay_time_per_sample': 20.54, 'post_processing_overhead_time': 291.0, 'total_post_processing_time': 291.0}, 'problem_id': 'd3c5da26-9b9e-4c76-8123-25dd82dcfb8b', 'embedding_context': {'embedding': {1: (966, 958, 945, 561, 817, 950, 689), 0: (706, 578, 834, 956, 964, 962), 2: (850, 853, 821, 829, 837, 845), 3: (840, 712, 716, 692, 700, 708), 4: (843, 822, 830, 854, 846, 838), 5: (564, 572, 713, 841, 585, 588, 580), 6: (569, 825, 697, 710, 694, 702), 7: (705, 566, 574, 582, 833, 577), 8: (959, 967, 707, 579, 835, 963), 9: (849, 721, 695, 703, 711, 727, 719), 10: (965, 957, 949, 562, 690, 818, 946), 11: (820, 828, 714, 842, 844, 836), 12: (715, 722, 725, 717, 693, 701, 709), 13: (948, 951, 944, 688, 560, 816), 14: (954, 570, 698, 826), 15: (696, 952, 568, 824), 16: (704, 960, 576, 832), 17: (565, 581, 699, 573, 827, 571), 18: (583, 575, 691, 819, 563, 567), 19: (855, 823, 847, 831, 839)}, 'chain_break_method': 'majority_vote', 'embedding_parameters': {}, 'chain_strength': 3.6573519600935334}, 'warnings': []} 
sampleset record: [[-1  1  1  1  1 -1  1 -1  1  1 -1  1 -1  1  1 -1  1  1 -1 -1]
 [ 1 -1 -1 -1 -1  1 -1  1 -1 -1  1 -1  1 -1 -1  1 -1 -1  1  1]
 [-1  1  1  1  1 -1  1 -1  1  1 -1  1 -1 -1  1 -1  1  1 -1 -1]
 [ 1 -1 -1 -1 -1  1 -1  1 -1 -1  1 -1  1  1 -1  1 -1 -1  1  1]
 [ 1 -1 -1 -1 -1  1 -1  1 -1 -1  1 -1  1 -1 -1  1  1 -1  1 -1]
 [-1  1  1  1  1 -1  1 -1  1  1 -1  1 -1  1  1 -1 -1  1 -1  1]
 [ 1 -1 -1 -1 -1  1 -1  1 -1 -1  1 -1  1  1 -1  1  1 -1  1 -1]
 [-1  1  1  1  1 -1  1 -1  1  1 -1  1 -1 -1  1 -1 -1  1 -1  1]
 [-1  1  1  1 -1 -1  1 -1  1  1 -1  1 -1  1  1 -1 -1  1 -1  1]
 [-1  1  1  1  1 -1  1 -1  1 -1 -1  1 -1  1  1 -1  1  1 -1 -1]
 [ 1 -1 -1 -1 -1  1 -1  1 -1  1  1 -1  1 -1 -1  1 -1 -1  1  1]
 [-1  1  1  1 -1 -1  1 -1  1 -1 -1  1 -1  1 -1 -1  1  1  1 -1]
 [ 1 -1 -1 -1 -1  1  1  1 -1 -1  1 -1  1  1 -1 -1  1 -1  1 -1]
 [-1  1  1  1  1 -1 -1 -1  1  1 -1  1 -1 -1  1  1 -1  1 -1  1]
 [-1  1  1  1  1 -1  1 -1  1  1 -1  1 -1 -1  1 -1  1  1 -1  1]
 [ 1 -1 -1 -1 -1  1 -1  1 -1  1  1 -1  1 -1 -1  1 -1 -1 -1  1]
 [-1  1  1  1  1 -1  1 -1  1  1 -1  1 -1 -1  1 -1 -1  1 -1 -1]
 [-1  1  1  1 -1 -1  1 -1  1  1 -1  1 -1  1 -1 -1  1  1 -1 -1]
 [ 1 -1 -1 -1 -1  1  1  1 -1 -1  1 -1  1  1 -1 -1  1  1  1 -1]
 [-1  1  1  1  1 -1  1 -1  1 -1 -1  1 -1  1  1 -1 -1  1 -1 -1]
 [-1 -1  1  1  1 -1  1 -1  1  1 -1  1 -1 -1  1 -1  1  1 -1 -1]
 [-1 -1  1  1  1 -1  1 -1  1  1 -1  1 -1  1  1 -1  1  1 -1 -1]
 [-1 -1  1  1 -1 -1  1 -1  1  1 -1  1 -1  1  1 -1  1  1 -1 -1]
 [-1  1  1  1  1 -1  1 -1  1 -1 -1  1 -1  1  1 -1  1  1 -1 -1]
 [ 1 -1 -1 -1 -1  1 -1  1 -1  1  1 -1  1  1 -1  1 -1 -1  1  1]
 [ 1  1 -1 -1 -1  1 -1  1 -1  1  1 -1  1 -1 -1  1 -1  1 -1  1]
 [ 1 -1 -1 -1 -1  1  1  1 -1 -1  1 -1  1  1 -1  1  1  1  1 -1]
 [ 1 -1 -1 -1 -1  1 -1  1 -1 -1 -1 -1  1 -1 -1  1  1 -1  1 -1]
 [-1  1  1  1  1 -1 -1 -1  1  1 -1 -1 -1 -1  1  1 -1  1 -1  1]
 [-1  1 -1 -1 -1  1  1  1 -1 -1  1 -1  1  1 -1 -1  1  1  1 -1]
 [-1 -1  1  1 -1 -1  1 -1  1 -1 -1  1 -1  1 -1 -1  1 -1  1 -1]
 [-1  1  1  1  1 -1  1 -1  1 -1 -1  1 -1 -1  1  1  1  1 -1 -1]
 [-1 -1 -1  1 -1 -1  1 -1 -1 -1 -1 -1 -1  1 -1 -1 -1 -1  1 -1]
 [-1  1  1  1  1  1  1 -1  1  1 -1  1 -1 -1  1 -1  1  1 -1 -1]
 [-1 -1  1  1  1 -1  1 -1  1  1 -1  1 -1 -1  1 -1  1  1 -1 -1]
 [-1 -1  1  1  1 -1 -1 -1  1  1 -1  1 -1 -1  1 -1  1  1 -1 -1]
 [-1 -1  1  1 -1 -1  1 -1  1  1 -1  1 -1 -1 -1 -1 -1  1 -1 -1]] 
sampleset energy: [-28.14 -28.14 -28.12 -28.12 -28.04 -28.04 -28.02 -28.02 -27.72 -27.66
 -27.66 -27.38 -26.94 -26.94 -26.6  -26.12 -25.98 -25.64 -25.46 -25.44
 -25.26 -24.96 -24.84 -27.66 -25.   -23.78 -23.58 -23.46 -22.88 -22.42
 -22.32 -21.76 -21.66 -21.42 -25.26 -18.78 -18.3 ] 
Chain strength: 3.6573519600935334, Ground state probability: 0.12
Ground state is: Sample(sample={0: -1, 1: 1, 2: 1, 3: 1, 4: 1, 5: -1, 6: 1, 7: -1, 8: 1, 9: 1, 10: -1, 11: 1, 12: -1, 13: 1, 14: 1, 15: -1, 16: 1, 17: 1, 18: -1, 19: -1}, energy=-28.14, num_occurrences=10, chain_break_fraction=0.0), Ground state energy: -28.14
