1 2 -0.54 
1 3 0.99 
1 4 -0.22 
1 5 -0.88 
1 6 -0.68 
1 7 0.12 
1 8 0.98 
1 9 -0.17 
1 10 0.61 
1 11 0.08 
1 12 0.84 
1 13 0.09 
1 14 -0.68 
1 15 -0.7 
1 16 0.52 
1 17 0.75 
1 18 -0.81 
1 19 0.1 
1 20 -0.47
1 21 -0.36
1 22 -0.68
1 23 -0.16
1 24 -0.1
1 25 0.29
2 3 -0.61
2 4 0.59
2 5 0.69
2 6 -0.04
2 7 -0.76
2 8 -0.99
2 9 0.13
2 10 -0.48
2 11 -0.62
2 12 -0.17
2 13 -0.15
2 14 -0.61
2 15 -0.51
2 16 0.53
2 17 -0.05
2 18 0.91
2 19 -0.48
2 20 0.06
2 21 0.03
2 22 0.06
2 23 0.41
2 24 0.69
2 25 0.85
3 4 0.63
3 5 -0.35
3 6 0.64
3 7 -0.3
3 8 0.82
3 9 -0.77
3 10 -0.68
3 11 0.58
3 12 0.48
3 13 0.36
3 14 0.9
3 15 -0.15
3 16 -0.89
3 17 0.05
3 18 -0.01
3 19 -0.94
3 20 0.55
3 21 0.05
3 22 -0.33
3 23 0.87
3 24 0.19
3 25 -0.06
4 5 -0.32
4 6 -0.18
4 7 -0.01
4 8 0.76
4 9 -0.96
4 10 -0.53
4 11 0.46
4 12 -0.79
4 13 -0.3
4 14 -0.46
4 15 -0.53
4 16 0.95
4 17 -0.62
4 18 0.91
4 19 0.99
4 20 -0.72
4 21 -0.17
4 22 0.16
4 23 0.92
4 24 0.1
4 25 -0.32
5 6 0.99
5 7 0.84
5 8 0.25
5 9 -0.61
5 10 -0.69
5 11 -0.16
5 12 -0.17
5 13 0.93
5 14 0.22
5 15 -0.84
5 16 0.08
5 17 0.71
5 18 -0.44
5 19 0.1
5 20 0.52
5 21 -0.67
5 22 0.53
5 23 -0.92
5 24 -0.47
5 25 -0.51
6 7 -0.25
6 8 -0.95
6 9 0.26
6 10 -0.12
6 11 0.52
6 12 -0.28
6 13 0.52
6 14 -0.66
6 15 0.2
6 16 0.72
6 17 -0.71
6 18 -0.36
6 19 -0.89
6 20 -0.2
6 21 0.87
6 22 0.63
6 23 -0.83
6 24 -0.24
6 25 0.02
7 8 -0.51
7 9 0.61
7 10 -0.3
7 11 -0.16
7 12 -0.95
7 13 -0.85
7 14 -0.64
7 15 0.28
7 16 -0.36
7 17 -0.1
7 18 -0.58
7 19 0.39
7 20 -0.61
7 21 -0.59
7 22 -0.54
7 23 -0.33
7 24 -0.05
7 25 -0.33
8 9 0.79
8 10 -0.11
8 11 -0.38
8 12 -0.09
8 13 0.41
8 14 0.73
8 15 -0.8
8 16 0.99
8 17 -0.81
8 18 -0.21
8 19 0.46
8 20 -0.87
8 21 0.42
8 22 -0.52
8 23 0.06
8 24 0.55
8 25 -0.01
9 10 0.82
9 11 0.49
9 12 -0.25
9 13 -0.39
9 14 0.65
9 15 0.85
9 16 0.96
9 17 -0.48
9 18 -0.72
9 19 -0.8
9 20 -0.56 
9 21 -0.89
9 22 0.95
9 23 -0.29
9 24 0.5
9 25 0.89
10 11 0.31
10 12 0.06
10 13 -0.44
10 14 0.56
10 15 -0.24
10 16 0.92
10 17 0.02
10 18 0.03
10 19 -0.07
10 20 -0.76
10 21 -0.78
10 22 0.72
10 23 -0.24
10 24 0.9
10 25 -0.97
11 12 0.76
11 13 -0.65
11 14 -0.84
11 15 -0.49
11 16 -0.8
11 17 -0.38
11 18 -0.48
11 19 0.04
11 20 -0.87
11 21 0.43
11 22 -0.62
11 23 -0.52
11 24 0.21
11 25 -0.5
12 13 0.31
12 14 0.25
12 15 -0.42
12 16 -0.08
12 17 0.25
12 18 -0.52
12 19 -0.67
12 20 -0.44
12 21 0.28
12 22 -0.92
12 23 0.66
12 24 0.05
12 25 0.02
13 14 -0.83
13 15 -0.11
13 16 -0.39
13 17 -0.23
13 18 0.64
13 19 0.8
13 20 -0.68
13 21 0.97
13 22 0.63
13 23 0.95
13 24 -0.19
13 25 -0.92
14 15 0.14
14 16 -0.91
14 17 -0.0
14 18 0.32
14 19 0.59
14 20 0.53
14 21 0.87
14 22 -0.23
14 23 0.3
14 24 0.95
14 25 -0.69
15 16 0.19
15 17 0.16
15 18 0.09
15 19 -0.97
15 20 0.92
15 21 0.68
15 22 0.74
15 23 -0.48
15 24 0.48
15 25 0.88
16 17 -0.59
16 18 -0.88
16 19 -0.3
16 20 0.04
16 21 0.35
16 22 -0.96
16 23 0.36
16 24 0.33
16 25 0.83
17 18 -0.67
17 19 0.93
17 20 0.15
17 21 0.72
17 22 0.38
17 23 -0.96
17 24 -0.15
17 25 -0.33
18 19 -0.52
18 20 0.63
18 21 -0.02
18 22 -0.57
18 23 0.76
18 24 -0.47
18 25 -0.7
19 20 0.19
19 21 0.8
19 22 0.02
19 23 -0.96
19 24 -0.38
19 25 0.68
20 21 0.25
20 22 0.81
20 23 0.46
20 24 0.15
20 25 0.71
21 22 -0.7
21 23 -0.86
21 24 -0.85
21 25 0.81
22 23 -0.35
22 24 -0.86
22 25 -0.08
23 24 -0.3
23 25 -0.0
24 25 0.38