------annealing = 1500, numread = 300
sampleset info: {'timing': {'qpu_sampling_time': 560988.0, 'qpu_anneal_time_per_sample': 1500.0, 'qpu_readout_time_per_sample': 349.42, 'qpu_access_time': 571922.51, 'qpu_access_overhead_time': 1052.49, 'qpu_programming_time': 10934.51, 'qpu_delay_time_per_sample': 20.54, 'post_processing_overhead_time': 828.0, 'total_post_processing_time': 828.0}, 'problem_id': '895c2bda-23c0-4712-9cb6-46a6ef1c1944', 'embedding_context': {'embedding': {1: (873, 745, 751, 767, 759), 0: (891, 763, 748, 756, 764), 2: (749, 890, 757, 765, 762), 3: (750, 889, 758, 761, 766), 4: (629, 753, 881, 625), 5: (1008, 1013, 752, 624, 880), 6: (866, 892, 868, 876, 884), 7: (893, 872, 877, 885), 8: (630, 622, 747, 875, 619), 9: (867, 871, 895, 887, 879), 10: (1015, 627, 1011, 755, 883), 11: (754, 1010, 626, 882), 12: (746, 628, 620, 874, 618), 13: (870, 894, 886, 878), 14: (760, 888, 632, 623, 631, 639)}, 'chain_break_method': 'majority_vote', 'embedding_parameters': {}, 'chain_strength': 2.6936249017097964}, 'warnings': []} 
sampleset record: [[-1 -1  1  1  1  1  1 -1  1 -1  1  1  1 -1  1]
 [ 1  1 -1 -1 -1 -1 -1  1 -1  1 -1 -1 -1  1 -1]
 [ 1 -1  1  1 -1  1 -1  1  1 -1 -1  1  1  1 -1]
 [-1  1 -1 -1  1 -1  1 -1 -1  1  1 -1 -1 -1  1]
 [-1  1  1  1  1  1  1 -1  1 -1  1  1  1 -1  1]
 [ 1 -1 -1 -1 -1 -1 -1  1 -1  1 -1 -1 -1  1 -1]
 [-1  1 -1 -1 -1 -1  1 -1 -1 -1  1  1 -1 -1  1]
 [ 1 -1  1  1  1  1 -1  1  1  1 -1 -1  1  1 -1]
 [ 1 -1  1  1 -1 -1 -1  1 -1  1 -1 -1 -1 -1 -1]
 [-1  1 -1 -1  1  1  1 -1  1 -1  1  1  1  1  1]
 [ 1  1 -1 -1  1 -1  1 -1 -1  1 -1 -1 -1  1  1]
 [-1 -1  1  1 -1  1 -1  1  1 -1  1  1  1 -1 -1]
 [ 1 -1  1  1  1  1 -1  1  1 -1 -1  1  1  1 -1]
 [-1  1 -1 -1 -1 -1  1 -1 -1  1  1 -1 -1 -1  1]
 [ 1 -1 -1 -1 -1 -1 -1  1 -1  1 -1 -1 -1  1 -1]
 [-1 -1  1  1  1  1  1 -1  1 -1  1  1  1  1  1]
 [ 1  1 -1 -1 -1 -1 -1  1 -1  1 -1 -1 -1 -1 -1]
 [-1  1 -1 -1  1  1  1 -1  1 -1  1  1 -1 -1  1]
 [ 1 -1  1  1 -1 -1 -1  1 -1  1 -1 -1  1  1 -1]
 [-1 -1  1  1  1  1  1 -1  1 -1  1  1  1 -1 -1]
 [-1  1 -1  1  1  1  1 -1  1 -1  1  1  1 -1  1]
 [ 1 -1  1 -1 -1 -1 -1  1 -1  1 -1 -1 -1  1 -1]
 [-1  1 -1 -1  1 -1  1 -1  1  1  1 -1 -1 -1  1]
 [ 1 -1  1  1 -1  1 -1  1 -1 -1 -1  1  1  1 -1]
 [-1 -1  1  1 -1  1 -1  1  1 -1  1  1  1  1 -1]
 [ 1  1  1 -1 -1 -1 -1 -1 -1  1 -1 -1 -1 -1 -1]
 [-1 -1 -1  1  1  1  1  1  1 -1  1  1  1  1  1]
 [-1 -1  1  1 -1  1  1  1  1 -1  1  1  1 -1 -1]
 [-1 -1  1  1  1  1  1  1  1 -1  1  1  1 -1 -1]
 [ 1 -1  1  1 -1 -1 -1  1 -1  1 -1 -1 -1  1 -1]
 [ 1  1 -1 -1  1 -1 -1  1 -1  1 -1 -1 -1  1  1]
 [-1  1 -1  1  1  1  1 -1  1 -1  1  1  1  1  1]
 [-1 -1  1  1  1  1 -1 -1  1 -1  1  1  1  1  1]
 [-1 -1  1  1  1  1 -1  1  1 -1  1  1  1  1  1]
 [-1 -1 -1  1  1  1 -1  1  1 -1  1  1  1  1  1]
 [ 1 -1  1 -1  1  1 -1  1  1  1 -1 -1  1  1 -1]
 [ 1  1 -1 -1 -1 -1  1  1 -1  1 -1 -1 -1 -1 -1]
 [-1 -1  1  1  1  1 -1 -1  1 -1  1  1  1  1  1]
 [ 1  1 -1 -1 -1 -1 -1  1  1  1 -1 -1  1  1 -1]
 [-1 -1  1  1 -1  1 -1  1 -1 -1  1  1  1 -1 -1]
 [-1 -1  1  1  1  1  1  1  1 -1  1  1  1 -1  1]
 [ 1  1 -1 -1 -1 -1 -1 -1 -1  1 -1 -1 -1  1 -1]
 [-1  1 -1  1  1  1  1  1  1 -1  1  1  1  1  1]
 [ 1 -1  1 -1 -1 -1 -1 -1 -1  1 -1 -1 -1 -1 -1]
 [-1  1 -1 -1  1  1  1  1  1 -1  1  1  1  1  1]
 [ 1  1 -1 -1  1 -1 -1  1  1  1 -1 -1  1  1 -1]
 [-1 -1 -1  1  1  1  1 -1  1 -1  1  1  1  1  1]
 [ 1 -1 -1 -1  1 -1  1 -1 -1  1 -1 -1 -1  1  1]
 [ 1 -1  1  1  1  1 -1  1  1 -1  1  1  1  1 -1]
 [-1 -1 -1  1  1  1  1 -1 -1  1  1  1 -1 -1  1]
 [-1  1 -1 -1  1 -1  1 -1 -1  1  1 -1 -1 -1  1]
 [ 1 -1  1  1  1  1 -1 -1  1 -1 -1  1  1  1 -1]
 [-1  1 -1 -1  1 -1  1 -1  1 -1  1  1 -1 -1  1]
 [ 1 -1  1  1 -1 -1  1 -1 -1  1 -1 -1 -1 -1 -1]
 [-1  1 -1 -1  1 -1  1  1  1  1 -1 -1 -1  1  1]
 [-1 -1 -1 -1  1 -1  1 -1 -1  1  1  1 -1 -1  1]
 [-1 -1  1  1  1  1 -1  1  1 -1  1  1  1  1  1]
 [-1 -1 -1 -1  1  1  1  1  1 -1  1  1  1  1  1]
 [-1  1 -1 -1  1  1  1 -1  1 -1  1  1  1 -1  1]
 [-1  1 -1 -1  1 -1  1 -1  1 -1  1  1  1  1  1]
 [ 1 -1  1 -1  1  1 -1  1 -1  1 -1 -1 -1  1 -1]] 
sampleset energy: [-18.64 -18.64 -18.36 -18.36 -18.   -18.   -17.8  -17.8  -17.76 -17.76
 -17.68 -17.68 -17.48 -17.48 -18.   -17.34 -17.34 -17.32 -17.32 -17.24
 -17.08 -17.08 -17.04 -17.04 -15.02 -17.   -17.   -16.98 -16.94 -16.5
 -16.44 -16.42 -16.4  -16.22 -16.14 -16.06 -16.4  -16.4  -16.02 -15.96
 -15.94 -15.94 -15.92 -15.92 -15.9  -15.9  -15.9  -15.76 -15.48 -15.4
 -18.36 -15.38 -15.28 -15.2  -15.08 -14.5  -16.22 -13.58 -16.5  -12.96
 -11.52] 
Chain strength: 2.6936249017097964, Ground state probability: 0.25666666666666665
Ground state is: Sample(sample={0: -1, 1: -1, 2: 1, 3: 1, 4: 1, 5: 1, 6: 1, 7: -1, 8: 1, 9: -1, 10: 1, 11: 1, 12: 1, 13: -1, 14: 1}, energy=-18.640000000000008, num_occurrences=55, chain_break_fraction=0.0), Ground state energy: -18.640000000000008
------annealing = 1500, numread = 300
sampleset info: {'timing': {'qpu_sampling_time': 560988.0, 'qpu_anneal_time_per_sample': 1500.0, 'qpu_readout_time_per_sample': 349.42, 'qpu_access_time': 571931.71, 'qpu_access_overhead_time': 1049.29, 'qpu_programming_time': 10943.71, 'qpu_delay_time_per_sample': 20.54, 'post_processing_overhead_time': 1018.0, 'total_post_processing_time': 1018.0}, 'problem_id': '7b0d849f-5504-4759-9e26-04304075e9fb', 'embedding_context': {'embedding': {1: (316, 324, 571, 443, 315), 0: (458, 462, 454, 446, 438), 2: (440, 453, 437, 445), 3: (434, 562, 582, 574, 566), 4: (560, 432, 327, 304, 311, 319), 5: (194, 578, 450, 322), 6: (570, 325, 317, 442, 314), 7: (459, 436, 460, 444, 452), 8: (583, 575, 433, 561, 567), 9: (581, 577, 321, 449), 10: (569, 441, 326, 318, 313), 11: (199, 579, 195, 451, 323), 12: (196, 192, 576, 448, 320), 13: (463, 439, 447, 455), 14: (435, 580, 563, 572, 564)}, 'chain_break_method': 'majority_vote', 'embedding_parameters': {}, 'chain_strength': 2.6936249017097964}, 'warnings': []} 
sampleset record: [[-1 -1  1  1  1  1  1 -1  1 -1  1  1  1 -1  1]
 [ 1  1 -1 -1 -1 -1 -1  1 -1  1 -1 -1 -1  1 -1]
 [-1  1 -1 -1  1 -1  1 -1 -1  1  1 -1 -1 -1  1]
 [ 1 -1  1  1 -1  1 -1  1  1 -1 -1  1  1  1 -1]
 [-1  1  1  1  1  1  1 -1  1 -1  1  1  1 -1  1]
 [ 1 -1 -1 -1 -1 -1 -1  1 -1  1 -1 -1 -1  1 -1]
 [ 1 -1  1  1  1  1 -1  1  1  1 -1 -1  1  1 -1]
 [ 1 -1  1  1 -1 -1 -1  1 -1  1 -1 -1 -1 -1 -1]
 [-1  1 -1 -1  1  1  1 -1  1 -1  1  1  1  1  1]
 [-1 -1  1  1 -1  1 -1  1  1 -1  1  1  1 -1 -1]
 [ 1  1 -1 -1  1 -1  1 -1 -1  1 -1 -1 -1  1  1]
 [ 1 -1  1  1  1  1 -1  1  1 -1 -1  1  1  1 -1]
 [-1  1 -1 -1 -1 -1  1 -1 -1  1  1 -1 -1 -1  1]
 [-1 -1  1  1  1  1  1 -1  1 -1  1  1  1  1  1]
 [ 1  1 -1 -1 -1 -1 -1  1 -1  1 -1 -1 -1 -1 -1]
 [-1  1 -1 -1  1  1  1 -1  1 -1  1  1 -1 -1  1]
 [ 1 -1  1  1 -1 -1 -1  1 -1  1 -1 -1  1  1 -1]
 [ 1  1 -1 -1 -1 -1 -1  1 -1  1 -1 -1 -1  1  1]
 [-1 -1 -1  1  1  1  1  1  1  1  1  1  1  1  1]
 [ 1  1  1 -1 -1 -1 -1 -1 -1 -1 -1 -1 -1 -1 -1]
 [ 1 -1  1  1 -1 -1 -1  1 -1  1 -1 -1 -1 -1 -1]
 [ 1 -1  1 -1 -1 -1 -1  1 -1  1 -1 -1 -1  1 -1]
 [-1  1 -1 -1  1 -1  1 -1  1  1  1 -1 -1 -1  1]
 [ 1 -1  1  1 -1  1 -1  1 -1 -1 -1  1  1  1 -1]
 [ 1  1  1 -1 -1 -1 -1 -1 -1  1 -1 -1 -1 -1 -1]
 [-1 -1 -1  1  1  1  1  1  1 -1  1  1  1  1  1]
 [ 1  1 -1 -1 -1 -1 -1 -1 -1  1 -1 -1 -1  1  1]
 [-1 -1  1  1  1  1  1  1  1 -1  1  1  1 -1 -1]
 [ 1 -1 -1 -1  1 -1 -1  1 -1  1 -1 -1 -1  1  1]
 [ 1 -1  1  1 -1  1 -1  1  1 -1 -1 -1  1  1 -1]
 [ 1 -1  1  1 -1 -1 -1  1 -1  1 -1 -1 -1  1 -1]
 [-1  1  1  1 -1  1  1 -1  1 -1  1  1  1 -1  1]
 [ 1 -1 -1 -1  1 -1 -1  1 -1  1 -1 -1 -1  1 -1]
 [-1 -1  1  1 -1  1 -1  1 -1 -1  1  1  1 -1 -1]
 [-1 -1  1  1 -1  1 -1  1  1 -1 -1  1  1  1 -1]
 [ 1  1 -1 -1 -1 -1 -1  1  1  1 -1 -1  1  1 -1]
 [-1 -1  1  1 -1  1 -1  1 -1 -1  1  1  1 -1 -1]
 [ 1 -1  1  1 -1 -1 -1 -1 -1  1 -1 -1 -1 -1 -1]
 [-1 -1 -1  1  1  1  1 -1  1 -1  1  1  1  1  1]
 [ 1  1  1 -1 -1 -1 -1  1 -1  1 -1 -1 -1 -1 -1]
 [ 1  1  1  1 -1 -1 -1  1 -1  1 -1 -1 -1 -1 -1]
 [ 1 -1 -1  1 -1 -1 -1  1 -1  1 -1 -1  1  1 -1]
 [ 1  1  1  1 -1 -1 -1 -1 -1  1 -1 -1 -1 -1 -1]
 [ 1  1 -1 -1 -1 -1 -1  1 -1  1 -1 -1  1  1 -1]
 [-1 -1  1  1  1  1  1 -1  1 -1  1  1 -1 -1  1]
 [ 1  1  1 -1 -1 -1 -1  1  1 -1 -1 -1  1  1 -1]
 [ 1 -1  1  1 -1  1 -1  1 -1  1 -1 -1  1  1 -1]
 [ 1 -1  1  1 -1  1 -1  1 -1 -1 -1 -1  1  1 -1]
 [ 1  1  1 -1 -1 -1 -1  1 -1  1 -1 -1 -1  1 -1]
 [-1 -1  1  1 -1  1 -1  1  1 -1  1  1  1  1  1]
 [ 1  1  1  1 -1  1 -1  1  1 -1 -1 -1  1  1 -1]
 [ 1 -1  1  1 -1  1 -1  1 -1  1 -1  1  1  1 -1]
 [ 1 -1  1 -1 -1 -1 -1  1 -1  1 -1 -1  1  1 -1]
 [-1 -1 -1  1  1  1  1  1 -1  1  1  1  1  1  1]
 [ 1 -1  1  1 -1  1 -1  1 -1  1 -1 -1 -1 -1 -1]
 [ 1 -1  1 -1 -1  1 -1  1  1 -1 -1  1  1  1 -1]
 [ 1  1 -1 -1 -1 -1 -1  1 -1  1  1 -1 -1 -1 -1]
 [ 1  1 -1 -1 -1 -1 -1  1 -1  1 -1 -1  1  1 -1]] 
sampleset energy: [-18.64 -18.64 -18.36 -18.36 -18.   -18.   -17.8  -17.76 -17.76 -17.68
 -17.68 -17.48 -17.48 -17.34 -17.34 -17.32 -17.32 -17.24 -17.14 -17.14
 -17.76 -17.08 -17.04 -17.04 -17.   -17.   -16.94 -16.94 -16.76 -16.74
 -16.5  -16.36 -16.36 -15.96 -14.26 -16.02 -15.96 -15.9  -15.9  -15.9
 -13.84 -15.64 -13.58 -15.42 -15.42 -15.4  -15.28 -15.06 -14.6  -14.5
 -14.5  -14.22 -14.14 -13.86 -12.96 -11.98 -11.94 -15.42] 
Chain strength: 2.6936249017097964, Ground state probability: 0.29333333333333333
Ground state is: Sample(sample={0: -1, 1: -1, 2: 1, 3: 1, 4: 1, 5: 1, 6: 1, 7: -1, 8: 1, 9: -1, 10: 1, 11: 1, 12: 1, 13: -1, 14: 1}, energy=-18.640000000000008, num_occurrences=12, chain_break_fraction=0.0), Ground state energy: -18.640000000000008
