------annealing = 1500, numread = 300
sampleset info: {'timing': {'qpu_sampling_time': 560988.0, 'qpu_anneal_time_per_sample': 1500.0, 'qpu_readout_time_per_sample': 349.42, 'qpu_access_time': 571882.51, 'qpu_access_overhead_time': 826.49, 'qpu_programming_time': 10894.51, 'qpu_delay_time_per_sample': 20.54, 'post_processing_overhead_time': 1986.0, 'total_post_processing_time': 1986.0}, 'problem_id': 'd1a69503-95e7-45a8-be66-c6e41591e4b2', 'embedding_context': {'embedding': {1: (239, 247, 255), 0: (365, 362, 106, 234), 2: (243, 111, 119, 115), 3: (244, 236, 235), 4: (240, 109, 117, 112), 5: (104, 232, 360), 6: (241, 113, 108, 116), 7: (245, 233, 237), 8: (254, 238, 251, 246), 9: (110, 118, 242, 114)}, 'chain_break_method': 'majority_vote', 'embedding_parameters': {}, 'chain_strength': 2.4218530095775836}, 'warnings': []} 
sampleset record: [[-1 -1  1 -1 -1 -1  1 -1  1 -1]
 [ 1  1 -1  1  1  1 -1  1 -1  1]
 [-1 -1 -1  1  1 -1  1 -1  1 -1]
 [ 1  1  1 -1 -1  1 -1  1 -1  1]
 [ 1  1 -1  1  1 -1  1  1 -1  1]
 [-1 -1  1 -1 -1  1 -1 -1  1 -1]
 [ 1  1 -1 -1  1  1 -1  1 -1  1]
 [-1 -1  1  1 -1 -1  1 -1  1 -1]
 [-1 -1  1 -1 -1 -1 -1 -1  1 -1]
 [ 1  1 -1  1  1  1  1  1 -1  1]
 [-1 -1  1  1 -1  1 -1 -1  1 -1]
 [ 1  1 -1 -1  1 -1  1  1 -1  1]
 [ 1  1 -1  1  1  1 -1 -1 -1  1]
 [-1 -1  1 -1 -1 -1  1  1  1 -1]
 [ 1  1 -1 -1 -1  1 -1  1 -1  1]
 [-1 -1  1  1 -1 -1 -1 -1  1 -1]
 [-1 -1 -1  1  1 -1  1  1  1 -1]
 [-1 -1  1 -1  1 -1  1 -1  1 -1]
 [ 1  1 -1  1 -1  1 -1  1 -1  1]
 [ 1  1 -1  1 -1  1 -1 -1 -1 -1]] 
sampleset energy: [-10.89 -10.89  -9.75  -9.75  -9.25  -9.25  -9.09  -9.09  -9.05  -9.05
  -8.89  -8.89  -8.83  -8.83  -8.55  -7.85  -7.77  -7.35  -7.35  -2.49] 
Chain strength: 2.4218530095775836, Ground state probability: 0.68
Ground state is: Sample(sample={0: -1, 1: -1, 2: 1, 3: -1, 4: -1, 5: -1, 6: 1, 7: -1, 8: 1, 9: -1}, energy=-10.889999999999997, num_occurrences=125, chain_break_fraction=0.0), Ground state energy: -10.889999999999997
------annealing = 1500, numread = 300
sampleset info: {'timing': {'qpu_sampling_time': 560988.0, 'qpu_anneal_time_per_sample': 1500.0, 'qpu_readout_time_per_sample': 349.42, 'qpu_access_time': 571885.11, 'qpu_access_overhead_time': 1196.89, 'qpu_programming_time': 10897.11, 'qpu_delay_time_per_sample': 20.54, 'post_processing_overhead_time': 2005.0, 'total_post_processing_time': 2005.0}, 'problem_id': '6a83623b-53b3-40ec-8dc5-8760c4aab9ec', 'embedding_context': {'embedding': {1: (1091, 1100, 1092), 0: (1080, 1086, 1102, 1094), 2: (1103, 1095, 1087), 3: (1229, 1088, 1216, 1221), 4: (1225, 1097, 969), 5: (1101, 1226, 1098), 6: (974, 968, 1224, 1096), 7: (1231, 1223, 1089, 1217), 8: (1090, 1218, 1230, 1222), 9: (1228, 1099, 1227)}, 'chain_break_method': 'majority_vote', 'embedding_parameters': {}, 'chain_strength': 2.4218530095775836}, 'warnings': []} 
sampleset record: [[-1 -1  1 -1 -1 -1  1 -1  1 -1]
 [ 1  1 -1  1  1  1 -1  1 -1  1]
 [-1 -1 -1  1  1 -1  1 -1  1 -1]
 [ 1  1  1 -1 -1  1 -1  1 -1  1]
 [-1 -1  1 -1 -1  1 -1 -1  1 -1]
 [-1 -1  1  1 -1 -1  1 -1  1 -1]
 [ 1  1 -1 -1  1  1 -1  1 -1  1]
 [-1 -1  1 -1 -1 -1 -1 -1  1 -1]
 [ 1  1 -1 -1  1 -1  1  1 -1  1]
 [-1 -1  1  1 -1  1 -1 -1  1 -1]
 [ 1  1 -1  1  1  1 -1 -1 -1  1]
 [-1 -1  1 -1 -1 -1  1  1  1 -1]
 [-1 -1  1  1  1  1  1 -1  1 -1]
 [ 1  1 -1 -1 -1 -1 -1  1 -1  1]
 [ 1  1 -1 -1 -1  1 -1  1 -1  1]
 [-1 -1  1  1  1 -1  1 -1  1 -1]
 [-1  1  1 -1 -1  1 -1 -1  1 -1]
 [ 1 -1 -1  1 -1 -1  1 -1  1 -1]
 [-1  1  1 -1  1  1 -1  1 -1  1]
 [-1 -1 -1  1 -1 -1  1 -1  1 -1]
 [ 1  1 -1  1  1 -1 -1  1 -1  1]
 [-1 -1  1 -1 -1  1  1 -1  1 -1]
 [ 1  1 -1 -1 -1 -1  1  1  1  1]
 [-1 -1 -1  1  1 -1  1  1  1 -1]
 [-1  1 -1  1  1  1 -1  1 -1  1]
 [-1 -1  1  1  1  1 -1 -1  1 -1]
 [ 1 -1 -1  1  1  1 -1 -1 -1  1]
 [ 1 -1 -1  1  1  1 -1  1 -1  1]] 
sampleset energy: [-10.89 -10.89  -9.75  -9.75  -9.25  -9.09  -9.09  -9.05  -8.89  -8.89
  -8.83  -8.83  -8.75  -8.75  -8.55  -8.55  -8.53  -8.19  -8.19  -8.13
  -8.05  -8.05  -7.89  -7.77  -7.67  -7.39  -7.11  -6.01] 
Chain strength: 2.4218530095775836, Ground state probability: 0.5733333333333334
Ground state is: Sample(sample={0: -1, 1: -1, 2: 1, 3: -1, 4: -1, 5: -1, 6: 1, 7: -1, 8: 1, 9: -1}, energy=-10.889999999999997, num_occurrences=31, chain_break_fraction=0.0), Ground state energy: -10.889999999999997
