1 2 -0.37 
1 3 0.41 
1 4 0.07 
1 5 -0.1 
1 6 0.57 
1 7 -0.5 
1 8 0.82 
1 9 -0.59 
1 10 -0.43 
1 11 0.41
1 12 -0.42
1 13 0.32
1 14 -0.92
1 15 0.51
1 16 0.63
1 17 0.29
1 18 -0.41
1 19 0.78
1 20 0.34
2 3 0.34
2 4 0.98
2 5 0.14
2 6 -0.33
2 7 -0.6
2 8 0.55
2 9 -0.08
2 10 -0.58
2 11 -0.52
2 12 -0.26
2 13 0.25
2 14 0.08
2 15 -0.15
2 16 -0.24
2 17 0.17
2 18 0.94
2 19 -0.46
2 20 0.51
3 4 -0.85
3 5 0.09
3 6 -0.73
3 7 -0.42
3 8 -0.07
3 9 0.98
3 10 0.06
3 11 -0.13
3 12 0.57
3 13 -0.7
3 14 0.07
3 15 0.69
3 16 0.1
3 17 0.36
3 18 0.44
3 19 -0.0
3 20 -0.28
4 5 0.6
4 6 -0.46
4 7 -0.1
4 8 -0.9
4 9 0.59
4 10 -0.59
4 11 0.76
4 12 0.94
4 13 -0.95
4 14 -0.44
4 15 0.27
4 16 -0.27
4 17 -0.71
4 18 0.2
4 19 -0.37
4 20 -0.55
5 6 -0.58
5 7 -0.91
5 8 -0.44
5 9 0.54
5 10 -0.15
5 11 0.38
5 12 0.04
5 13 0.12
5 14 -0.98
5 15 0.91
5 16 0.29
5 17 0.24
5 18 -0.67
5 19 -0.31
5 20 0.15
6 7 -0.38
6 8 0.86
6 9 -0.2
6 10 -0.21
6 11 0.53
6 12 0.23
6 13 0.51
6 14 -0.04
6 15 0.37
6 16 0.34
6 17 -0.15
6 18 0.88
6 19 -0.53
6 20 -0.45
7 8 0.46
7 9 0.51
7 10 -0.22
7 11 -0.68
7 12 0.84
7 13 -0.92
7 14 0.55
7 15 0.34
7 16 -0.83
7 17 0.41
7 18 0.66
7 19 0.8
7 20 -0.03
8 9 -0.7
8 10 -0.15
8 11 0.83
8 12 0.31
8 13 0.15
8 14 -0.57
8 15 0.11
8 16 0.06
8 17 0.64
8 18 0.36
8 19 -0.02
8 20 0.14
9 10 0.53
9 11 -0.33
9 12 0.28
9 13 -0.47
9 14 0.47
9 15 0.37
9 16 0.56
9 17 -0.14
9 18 0.63
9 19 0.74
9 20 0.83
10 11 -0.14
10 12 -0.59
10 13 -0.21
10 14 -0.66
10 15 0.78
10 16 0.0
10 17 -0.02
10 18 0.5
10 19 -0.99
10 20 0.95
11 12 0.19
11 13 0.99
11 14 0.77
11 15 -0.21
11 16 -0.2
11 17 0.04
11 18 -0.66
11 19 -0.05
11 20 0.83
12 13 -0.88
12 14 -0.45
12 15 0.3
12 16 0.31
12 17 0.37
12 18 -0.39
12 19 -0.87
12 20 0.15
13 14 -0.61
16 18 -0.16
16 19 0.26
16 20 0.29
17 18 0.8
17 19 0.48
17 20 -0.89
18 19 -0.92
18 20 -0.04
19 20 0.41