1 2 -0.82 
1 3 0.73
1 4 -0.78
1 5 -0.6
1 6 0.09
1 7 0.14
1 8 0.58
1 9 0.32
1 10 -0.16
1 11 0.99
1 12 0.71
1 13 -0.54
1 14 0.92
1 15 0.83
1 16 -0.13
1 17 -0.54
1 18 0.85
1 19 -0.24
1 20 -0.46
1 21 0.31
1 22 -0.32
1 23 -0.26
1 24 -0.89
1 25 -0.47
1 26 0.52
1 27 0.28
1 28 -0.99
1 29 -0.33
1 30 0.58
1 31 0.26
1 32 -0.14
1 33 -0.49
1 34 0.72
1 35 0.63
1 36 -1.0
1 37 0.24
1 38 0.8
1 39 0.93
1 40 -0.73
2 3 -0.72
2 4 -0.52
2 5 -0.92
2 6 -0.34
2 7 0.76
2 8 0.72
2 9 0.21
2 10 -0.37
2 11 0.22
2 12 0.44
2 13 0.58
2 14 -0.03
2 15 -0.24
2 16 -0.72
2 17 -0.66
2 18 0.73
2 19 -0.75
2 20 -0.68
2 21 0.92
2 22 0.9
2 23 -0.28
2 24 -0.32
2 25 0.99
2 26 0.89
2 27 -0.8
2 28 0.25
2 29 -0.67
2 30 -0.42
2 31 -0.14
2 32 0.44
2 33 -0.61
2 34 0.82
2 35 -0.39
2 36 -0.56
2 37 0.13
2 38 0.33
2 39 -0.02
2 40 -1.0
3 4 0.29
3 5 -0.24
3 6 0.6
3 7 0.5
3 8 0.13
3 9 -0.49
3 10 -0.21
3 11 0.4
3 12 -0.54
3 13 0.62
3 14 0.65
3 15 -0.92
3 16 0.89
3 17 0.6
3 18 -0.91
3 19 0.48
3 20 0.39
3 21 0.63
3 22 -0.35
3 23 -0.32
3 24 0.81
3 25 0.37
3 26 -0.47
3 27 0.46
3 28 0.46
3 29 0.02
3 30 0.53
3 31 -0.19
3 32 0.57
3 33 -0.83
3 34 -0.38
3 35 0.31
3 36 0.9
3 37 -0.16
3 38 0.66
3 39 -0.72
3 40 -0.23
4 5 -0.48
4 6 -0.06
4 7 -0.97
4 8 -0.99
4 9 -0.51
4 10 0.14
4 11 -0.81
4 12 -0.37
4 13 0.94
4 14 0.07
4 15 -0.59
4 16 -0.84
4 17 -0.64
4 18 0.14
4 19 -0.94
4 20 -0.2
4 21 -0.49
4 22 0.38
4 23 -0.49
4 24 0.27
4 25 -0.95
4 26 -0.95
4 27 0.44
4 28 -0.61
4 29 0.19
4 30 -0.65
4 31 0.94
4 32 -0.41
4 33 0.03
4 34 0.7
4 35 0.25
4 36 -0.03 
4 37 -0.99
4 38 -0.94
4 39 -0.16
4 40 -0.61
5 6 0.94
5 7 0.4
5 8 -0.09
5 9 -0.93
5 10 -0.69
5 11 -0.11
5 12 -0.95
5 13 -0.33
5 14 0.32
5 15 0.33
5 16 0.33
5 17 -0.48
5 18 -0.07
5 19 0.02
5 20 0.05
5 21 0.39
5 22 0.46
5 23 0.98
5 24 0.64
5 25 0.14
5 26 0.24
5 27 0.67
5 28 0.9
5 29 -0.87
5 30 -0.44
5 31 -0.03
5 32 -0.49
5 33 -0.66
5 34 0.59
5 35 -0.1
5 36 0.1
5 37 0.52
5 38 -0.17
5 39 -0.09
5 40 0.99
6 7 0.25
6 8 -0.1
6 9 0.18
6 10 -0.66
6 11 -0.25
6 12 0.93
6 13 0.69
6 14 -0.06
6 15 -0.1
6 16 0.24
6 17 0.69
6 18 0.77
6 19 -0.28
6 20 -0.91
6 21 -0.47
6 22 0.87
6 23 -0.86
6 24 -0.98
6 25 -0.63
6 26 0.66
6 27 0.13
6 28 0.31
6 29 -0.23
6 30 -0.82
6 31 -0.68
6 32 0.95
6 33 0.23
6 34 -0.67
6 35 -0.06
6 36 -0.05
6 37 -0.28
6 38 0.01
6 39 0.24
6 40 -0.68
7 8 -0.09
7 9 0.53
7 10 0.77
7 11 0.06
7 12 0.95
7 13 -0.48
7 14 -0.39
7 15 0.57
7 16 0.78
7 17 0.58
7 18 -0.68
7 19 -0.7
7 20 -0.34
7 21 -0.44
7 22 0.53
7 23 0.59
7 24 0.63
7 25 -1.0
7 26 -0.06
7 27 -0.32
7 28 0.82
7 29 0.73
7 30 -0.83
7 31 -0.78
7 32 0.31
7 33 0.8 
7 34 -0.21
7 35 -0.0
7 36 -0.7
7 37 0.6
7 38 0.08
7 39 -0.82
7 40 -0.91
8 9 -0.71
8 10 -0.94
8 11 -0.21
8 12 -0.9
8 13 -0.96
8 14 -0.55
8 15 0.31
8 16 0.29
8 17 0.28
8 18 0.24
8 19 -0.37
8 20 -0.38
8 21 -0.92
8 22 -0.13
8 23 -0.69
8 24 -0.17
8 25 -0.43
8 26 0.77
8 27 -0.68
8 28 0.15
8 29 -0.69
8 30 -0.3
8 31 -0.37
8 32 -0.66
8 33 -0.49
8 34 -0.2
8 35 0.3
8 36 -0.13
8 37 -0.58
8 38 -0.74
8 39 -0.24
8 40 -0.58
9 10 -0.49
9 11 0.98
9 12 -0.18
9 13 -0.46
9 14 -0.3
9 15 0.4
9 16 -0.27
9 17 -0.4
9 18 0.64
9 19 0.08
9 20 0.61
9 21 0.08
9 22 -0.76
9 23 -0.78
9 24 -0.29
9 25 0.88
9 26 -0.61
9 27 -0.14
9 28 0.93
9 29 0.94
9 30 -0.09
9 31 0.88
9 32 -0.03
9 33 0.04
9 34 -0.97
9 35 0.85
9 36 0.28
9 37 0.08
9 38 -0.12
9 39 -0.72
9 40 -0.05
10 11 -0.89
10 12 -0.13
10 13 0.15
10 14 -0.17
10 15 0.35
10 16 0.05
10 17 0.5
10 18 -0.32
10 19 -0.76
10 20 -0.42
10 21 -0.39
10 22 -0.52
10 23 0.32
10 24 0.39
10 25 -0.11
10 26 0.63
10 27 0.76
10 28 -0.88
10 29 0.45
10 30 0.92
10 31 0.79
10 32 -0.95
10 33 -0.06
10 34 0.34
10 35 0.94
10 36 -0.77
10 37 -0.64
10 38 -0.79
10 39 -0.54
10 40 -0.17
11 12 0.07
11 13 0.82
11 14 0.62 
11 15 -0.31
11 16 -0.27
11 17 -0.07
11 18 -0.76
11 19 0.05
11 20 0.82
11 21 0.73
11 22 -0.65
11 23 0.2
11 24 0.38
11 25 -0.33
11 26 -0.87
11 27 -0.14
11 28 0.47
11 29 0.37
11 30 -0.66
11 31 0.77
11 32 -0.46
11 33 0.69
11 34 0.56
11 35 0.91
11 36 -0.87
11 37 0.72
11 38 -0.48
11 39 0.25
11 40 0.74
12 13 0.97
12 14 0.48
12 15 -0.99
12 16 -0.23
12 17 0.76
12 18 -0.9
12 19 -0.83
12 20 0.74
12 21 -0.67
12 22 0.77
12 23 0.81
12 24 0.61
12 25 -0.86
12 26 -0.67
12 27 -0.25
12 28 -0.28
12 29 0.84
12 30 0.74
12 31 -0.44
12 32 0.86
12 33 0.61
12 34 -0.39
12 35 0.97
12 36 0.84
12 37 0.55
12 38 0.2
12 39 0.58
12 40 -0.23
13 14 -0.29
13 15 -0.8
13 16 -0.86
13 17 -0.96
13 18 -0.09
13 19 -0.06
13 20 0.31
13 21 -0.66
13 22 -0.06
13 23 -0.9
13 24 0.16
13 25 -0.39
13 26 -0.15
13 27 -0.48
13 28 -0.97
13 29 0.17
13 30 -0.07
13 31 -0.87
13 32 -0.21
13 33 0.88
13 34 0.19
13 35 -0.11
13 36 0.95
13 37 -0.1
13 38 -0.33
13 39 -0.4
13 40 0.26
14 15 -0.28
14 16 0.63
14 17 -0.63
14 18 -0.61
14 19 -0.77
14 20 -0.48
14 21 -0.02
14 22 -0.75
14 23 -0.12
14 24 -0.33
14 25 -0.93
14 26 0.62
14 27 -0.28
14 28 0.22
14 29 -0.78
14 30 -0.27
14 31 -0.89
14 32 0.38
14 33 0.72
14 34 0.18
14 35 0.27
14 36 -0.64
14 37 -0.39
14 38 -0.72
14 39 0.1
14 40 -0.82
15 16 -0.11
15 17 0.57
15 18 0.01
15 19 -0.55
15 20 -0.06
15 21 -0.7
15 22 0.85
15 23 0.8
15 24 -0.52
15 25 0.11
15 26 0.81
15 27 0.69
15 28 -0.13 
15 29 0.69
15 30 0.36
15 31 -0.7
15 32 0.33
15 33 0.71
15 34 0.37
15 35 0.34
15 36 0.74
15 37 -0.65
15 38 0.98
15 39 0.3
15 40 0.74
16 17 0.42
16 18 -0.67
16 19 -0.55
16 20 -0.29
16 21 0.95
16 22 0.81
16 23 -0.34
16 24 -0.9
16 25 0.79
16 26 -0.39
16 27 -0.55
16 28 0.2
16 29 0.07
16 30 -0.61
16 31 0.03
16 32 -0.19
16 33 -0.31
16 34 0.14
16 35 -0.14
16 36 -0.34
16 37 0.59
16 38 -0.12
16 39 0.05
16 40 -1.0
17 18 0.43
17 19 -0.73
17 20 -0.3
17 21 0.65
17 22 -0.68
17 23 0.62
17 24 -0.87
17 25 -0.6
17 26 -0.35
17 27 -1.0
17 28 -0.12
17 29 -0.04
17 30 -0.09
17 31 -0.32
17 32 0.76
17 33 0.14
17 34 0.49
17 35 -0.4
17 36 -0.13
17 37 -0.58
17 38 0.57
17 39 -0.06
17 40 0.5
18 19 -0.68
18 20 -0.78
18 21 0.97
18 22 -0.89
18 23 -0.61
18 24 -0.49
18 25 -1.0
18 26 0.27
18 27 -0.27
18 28 -0.98
18 29 0.17
18 30 -0.7
18 31 -0.96
18 32 0.37
18 33 0.1
18 34 0.78
18 35 -0.03
18 36 -0.65
18 37 0.42
18 38 -0.66
18 39 0.12
18 40 -0.35
19 20 -0.57
19 21 -0.64
19 22 -0.41
19 23 0.8
19 24 -0.83
19 25 0.05
19 26 0.55
19 27 0.61
19 28 0.59
19 29 0.3
19 30 -0.97
19 31 0.86
19 32 -0.89
19 33 0.34
19 34 -0.55
19 35 0.29
19 36 0.21
19 37 -0.57
19 38 -0.9
19 39 0.5
19 40 -0.31
20 21 0.06
20 22 -0.64
20 23 -0.12
20 24 0.59
20 25 0.48
20 26 -0.66
20 27 -0.66
20 28 0.41
20 29 0.9 
20 30 -0.24
20 31 0.14
20 32 -0.53
20 33 0.24
20 34 -0.61
20 35 -0.62
20 36 0.51
20 37 0.07
20 38 -0.87
20 39 0.53
20 40 0.08
21 22 -0.96
21 23 -0.3
21 24 -0.74
21 25 -0.44
21 26 -0.62
21 27 -0.69
21 28 0.49
21 29 -0.28
21 30 -0.21
21 31 0.14
21 32 -0.12
21 33 0.73
21 34 -0.73
21 35 0.26
21 36 -0.97
21 37 -0.91
21 38 0.42
21 39 -0.91
21 40 0.54
22 23 0.26
22 24 -0.4
22 25 -0.56
22 26 0.13
22 27 -0.35
22 28 0.49
22 29 -1.0
22 30 -0.32
22 31 0.61
22 32 0.31
22 33 -0.4
22 34 0.79
22 35 0.14
22 36 -0.61
22 37 -0.42
22 38 -0.93
22 39 0.42
22 40 -0.68
23 24 -0.16
23 25 0.0
23 26 0.56
23 27 -0.23
23 28 -0.58
23 29 0.4
23 30 0.73
23 31 -0.77
23 32 -0.66
23 33 0.53
23 34 0.87
23 35 -0.85
23 36 0.58
23 37 -0.62
23 38 0.13
23 39 -0.72
23 40 -0.55
24 25 0.82
24 26 0.93
24 27 -0.08
24 28 -0.64
24 29 -0.78
24 30 -0.24
24 31 0.69
24 32 0.49
24 33 -0.0
24 34 -0.61
24 35 -0.55
24 36 -0.5
24 37 0.57
24 38 -0.05
24 39 0.74
24 40 -0.4
25 26 0.91
25 27 -0.45
25 28 0.45
25 29 0.27
25 30 0.21
25 31 -0.56
25 32 0.78
25 33 0.98
25 34 0.14
25 35 0.76
25 36 -0.17
25 37 0.15
25 38 -0.62
25 39 0.23
25 40 -0.25
26 27 -0.25
26 28 -0.89
26 29 -0.95
26 30 0.5
26 31 -0.69
26 32 0.06
26 33 -1.0
26 34 0.26
26 35 0.73
26 36 0.35
26 37 0.35
26 38 -0.35
26 39 0.08
26 40 0.45 
27 28 0.45
27 29 0.56
27 30 0.12
27 31 -0.44
27 32 -0.33
27 33 0.48
27 34 0.48
27 35 0.68
27 36 0.91
27 37 -0.67
27 38 -0.17
27 39 0.41
27 40 0.18
28 29 -0.96
28 30 0.69
28 31 -0.08
28 32 0.69
28 33 -0.7
28 34 0.98
28 35 -0.84
28 36 0.49
28 37 -0.6
28 38 -0.96
28 39 -0.3
28 40 0.33
29 30 0.12
29 31 -0.98
29 32 -0.76
29 33 0.08
29 34 0.0
29 35 0.63
29 36 -0.74
29 37 -0.87
29 38 -0.9
29 39 -0.74
29 40 0.95
30 31 -0.64
30 32 -0.86
30 33 -0.85
30 34 0.4
30 35 -0.57
30 36 -0.68
30 37 -0.3
30 38 0.72
30 39 0.92
30 40 -0.71
31 32 -0.16
31 33 -0.31
33 35 -0.05
33 36 0.47
33 37 -0.42
33 38 -0.61
33 39 -0.06
33 40 0.85
34 35 -0.35
34 36 -0.92
34 37 -0.91
34 38 -0.01
34 39 0.78
34 40 0.54
35 36 -0.7
35 37 -0.89
35 38 0.52
35 39 -0.82
35 40 0.76
36 37 -0.19
36 38 -0.78
36 39 0.47
36 40 0.49
37 38 -0.83
37 39 -0.29
37 40 -0.66
38 39 -0.1
38 40 -0.43
39 40 -0.71