1 2 -0.7 
1 3 -0.97 
1 4 0.97 
1 5 -0.17 
1 6 0.28 
1 7 0.89 
1 8 -0.62 
1 9 -1.0 
1 10 0.37 
1 11 0.4 
1 12 -0.44 
1 13 0.06 
1 14 -0.79 
1 15 0.98 
1 16 0.58 
1 17 -0.54 
1 18 -0.32 
1 19 0.3 
1 20 0.06 
1 21 0.88 
1 22 0.3 
1 23 0.83 
1 24 -0.68 
1 25 -0.11 
1 26 0.44 
1 27 -0.86 
1 28 0.94 
1 29 -0.8 
1 30 0.79 
1 31 0.08 
1 32 0.18 
1 33 0.26 
1 34 -0.16 
1 35 -0.36 
1 36 -0.88 
1 37 -0.06 
1 38 0.36 
1 39 0.3 
1 40 -0.81 
1 41 -0.29 
1 42 -0.79 
1 43 0.22 
1 44 -0.64 
1 45 -0.07 
2 3 -0.48 
2 4 0.92
2 5 0.11
2 6 -0.16
2 7 -0.63
2 8 0.21
2 9 -0.18
2 10 -0.48
2 11 -0.37
2 12 -0.16
2 13 -0.11
2 14 0.88
2 15 -0.42
2 16 0.9
2 17 0.03
2 18 0.95
2 19 -0.31
2 20 0.46
2 21 0.72
2 22 0.25
2 23 0.37
2 24 -0.75
2 25 -0.27
2 26 0.06
2 27 0.36
2 28 -0.28
2 29 -0.17
2 30 -0.17
2 31 0.23
2 32 -0.57
2 33 0.98
2 34 0.27
2 35 -0.69
2 36 -0.62
2 37 -0.14
2 38 -0.51
2 39 0.38
2 40 0.53
2 41 0.54
2 42 0.52
2 43 -0.18
2 44 -0.36
2 45 -0.72
3 4 0.73
3 5 -0.4
3 6 -0.18
3 7 -0.63
3 8 0.1
3 9 0.03
3 10 -0.31
3 11 0.07
3 12 -0.47
3 13 -0.68
3 14 -0.54
3 15 0.25
3 16 0.03
3 17 -0.74
3 18 0.39
3 19 -0.88
3 20 -0.85
3 21 -0.22
3 22 0.75
3 23 -0.41
3 24 -0.18
3 25 0.89
3 26 0.79
3 27 0.87
3 28 0.67
3 29 -0.67
3 30 0.99
3 31 0.7
3 32 0.39
3 33 0.82
3 34 0.7
3 35 0.37
3 36 -0.49
3 37 -0.37
3 38 0.04
3 39 0.4
3 40 0.86
3 41 -0.91
3 42 -0.31
3 43 0.83
3 44 0.23
3 45 0.19
4 5 0.45
4 6 -0.81
4 7 -0.69
4 8 -0.41
4 9 0.16 
4 10 0.74
4 11 -0.31
4 12 0.01
4 13 0.93
4 14 0.4
4 15 -0.23
4 16 0.91
4 17 -0.19
4 18 0.68
4 19 0.37
4 20 -0.52
4 21 -0.56
4 22 0.07
4 23 0.44
4 24 -0.45
4 25 0.74
4 26 0.4
4 27 0.14
4 28 0.8
4 29 -0.93
4 30 0.48
4 31 -0.56
4 32 0.02
4 33 0.67
4 34 0.28
4 35 0.49
4 36 -0.72
4 37 0.49
4 38 -0.01
4 39 0.33
4 40 -0.36
4 41 -0.4
4 42 0.22
4 43 -0.93
4 44 -0.78
4 45 0.55
5 6 0.95
5 7 -0.55
5 8 -0.27
5 9 0.29
5 10 -0.98
5 11 0.24
5 12 -0.09
5 13 -0.02
5 14 0.79
5 15 -0.57
5 16 0.13
5 17 -0.67
5 18 -0.15
5 19 0.93
5 20 0.48
5 21 -0.25
5 22 -0.26
5 23 0.66
5 24 -0.42
5 25 -0.45
5 26 -0.74
5 27 -0.75
5 28 -0.18
5 29 0.1
5 30 -0.63
5 31 0.7
5 32 -0.15
5 33 0.3
5 34 0.0
5 35 0.18
5 36 -0.44
5 37 0.85
5 38 -0.23
5 39 -0.35
5 40 0.73
5 41 0.97
5 42 -0.8
5 43 0.14
5 44 -0.01
5 45 -0.88
6 7 0.56
6 8 -0.8
6 9 0.02
6 10 0.56
6 11 -0.04
6 12 -0.95
6 13 -0.02
6 14 0.44
6 15 -0.65
6 16 0.09
6 17 -0.62
6 18 0.08
6 19 -0.01
6 20 0.46
6 21 0.46
6 22 0.12 
6 23 -0.25
6 24 0.3
6 25 0.83
6 26 -0.67
6 27 -0.43
6 28 -0.09
6 29 -0.52
6 30 0.43
6 31 -0.26
6 32 -0.32
6 33 0.63
6 34 -0.95
6 35 0.31
6 36 -0.1
6 37 0.5
6 38 -0.76
6 39 0.6
6 40 -0.47
6 41 -0.18
6 42 0.18
6 43 0.94
6 44 -0.46
6 45 -0.22
7 8 -0.25
7 9 -0.04
7 10 -0.39
7 11 0.49
7 12 -0.63
7 13 0.29
7 14 0.51
7 15 0.05
7 16 -1.0
7 17 0.67
7 18 0.02
7 19 0.72
7 20 -0.71
7 21 -0.21
7 22 0.8
7 23 0.02
7 24 -0.17
7 25 0.42
7 26 0.15
7 27 0.15
7 28 0.64
7 29 -0.38
7 30 -0.96
7 31 0.16
7 32 0.46
7 33 -0.47
7 34 0.23
7 35 -0.64
7 36 -0.21
7 37 -0.83
7 38 0.52
7 39 0.89
7 40 0.4
7 41 -0.19
7 42 0.31
7 43 0.62
7 44 -0.25
7 45 -0.73
8 9 -0.33
8 10 0.59
8 11 -0.2
8 12 -0.74
8 13 -0.29
8 14 0.52
8 15 -0.99
8 16 0.53
8 17 -0.99
8 18 -0.59
8 19 -0.09
8 20 0.14
8 21 0.9
8 22 -0.4
8 23 -0.08
8 24 0.81
8 25 0.14
8 26 -0.88
8 27 0.24
8 28 -0.45
8 29 0.19
8 30 -0.4
8 31 -0.41
8 32 0.71
8 33 -0.69
8 34 -0.4
8 35 0.45
8 36 -0.82
8 37 -0.52
8 38 0.19
8 39 0.21
8 40 0.94
8 41 0.62
8 42 0.58
8 43 -0.63
8 44 0.86
8 45 -0.91 
9 10 0.85
9 11 0.15
9 12 0.73
9 13 -0.34
9 14 -0.29
9 15 0.53
9 16 -0.07
9 17 0.12
9 18 -0.11
9 19 -0.79
9 20 0.81
9 21 0.1
9 22 0.59
9 23 0.14
9 24 0.82
9 25 0.21
9 26 0.51
9 27 0.84
9 28 -0.87
9 29 0.45
9 30 -0.27
9 31 0.94
9 32 0.72
9 33 -0.76
9 34 0.14
9 35 -0.57
9 36 -0.37
9 37 -0.36
9 38 -0.25
9 39 0.49
9 40 0.97
9 41 -0.9
9 42 -0.68
9 43 -0.5
9 44 0.18
9 45 -0.73
10 11 -0.79
10 12 -0.33
10 13 -0.1
10 14 0.06
10 15 -0.11
10 16 -0.15
10 17 -0.02
10 18 0.52
10 19 -0.2
10 20 -0.21
10 21 0.01
10 22 0.91
10 23 0.28
10 24 -0.13
10 25 0.58
10 26 -0.13
10 27 -0.48
10 28 -0.12
10 29 -0.38
10 30 -0.15
10 31 0.07
10 32 0.78
10 33 0.54
10 34 0.6
10 35 0.52
10 36 -0.41
10 37 0.08
10 38 0.31
10 39 0.16
10 40 0.97
10 41 -0.27
10 42 -0.56
10 43 -0.87
10 44 0.21
10 45 0.68
11 12 0.43
11 13 0.13
11 14 -0.29
11 15 0.58
11 16 0.78
11 17 -0.56
11 18 0.84
11 19 -0.8
11 20 0.27
11 21 0.95
11 22 -0.61
11 23 -0.24
11 24 0.94
11 25 -0.08
11 26 0.62
11 27 -0.44
11 28 -0.55
11 29 -0.59
11 30 0.91
11 31 -0.36
11 32 0.95
11 33 0.86
11 34 -0.41
11 35 0.65
11 36 0.71
11 37 0.86
11 38 -0.86
11 39 -0.61
11 40 -0.94
11 41 0.02
11 42 0.3
11 43 0.7
11 44 -0.02
11 45 -0.28
12 13 0.25
12 14 -0.31
12 15 0.14
12 16 -0.67
12 17 -0.11
12 18 -0.23
12 19 0.24
12 20 -0.89
12 21 0.76
12 22 0.33
12 23 -0.97
12 24 -0.05
12 25 0.1
12 26 0.48
12 27 -0.59
12 28 0.72
12 29 -0.28
12 30 0.4
12 31 -0.2
12 32 0.43
12 33 -0.51
12 34 0.79
12 35 0.7
12 36 -0.25
12 37 -0.55
12 38 0.57
12 39 -0.77
12 40 0.82
12 41 -0.9
12 42 0.25
12 43 0.61 
12 44 0.55
12 45 0.02
13 14 -1.0
13 15 0.64
13 16 0.98
13 17 -0.73
13 18 -0.98
13 19 0.38
13 20 0.02
13 21 0.83
13 22 -0.17
13 23 0.31
13 24 0.65
13 25 0.88
13 26 0.49
13 27 0.65
13 28 0.16
13 29 -0.28
13 30 0.52
13 31 0.74
13 32 0.93
13 33 -0.29
13 34 0.83
13 35 -0.98
13 36 0.57
13 37 0.16
13 38 0.66
13 39 -0.48
13 40 -0.89
13 41 -0.37
13 42 0.74
13 43 0.95
13 44 -0.77
13 45 -0.36
14 15 -0.94
14 16 0.77
14 17 -0.34
14 18 -0.44
14 19 0.72
14 20 0.14
14 21 0.31
14 22 0.97
14 23 -0.22
14 24 0.48
14 25 0.6
14 26 0.83
14 27 -0.12
14 28 0.62
14 29 0.09
14 30 0.29
14 31 0.75
14 32 -0.39
14 33 -0.02
14 34 -0.45
14 35 -0.58
14 36 -0.56
14 37 -0.17
14 38 0.57
14 39 0.49
14 40 0.53
14 41 -0.51 
14 42 -0.34
14 43 -0.7
14 44 0.88
14 45 -0.45
15 16 0.52
15 17 0.73
15 18 0.21
15 19 0.85
15 20 0.51
15 21 -0.83
15 22 -0.79
15 23 -0.91
15 24 -0.57
15 25 -0.04
15 26 -0.08
15 27 -0.36
15 28 0.68
15 29 0.01
15 30 -0.07
15 31 -0.23
15 32 0.96
15 33 0.9
15 34 0.25
15 35 -0.29
15 36 0.22
15 37 0.6
15 38 -0.81
15 39 0.13
15 40 0.42
15 41 -0.47
15 42 -0.86
15 43 -0.16
15 44 0.06
15 45 0.39
16 17 0.09
16 18 -0.54
16 19 0.83
16 20 0.68
16 21 0.77
16 22 -0.89
16 23 0.68
16 24 -0.72
16 25 -0.29
16 26 0.51
16 27 -0.32
16 28 -0.8
16 29 0.12
16 30 0.42
16 31 0.8
16 32 0.15 
16 33 0.83
16 34 -0.82
16 35 0.67
16 36 -0.8
16 37 -0.38
16 38 0.81
16 39 0.43
16 40 -0.23
16 41 0.31
16 42 -0.68
16 43 -0.53
16 44 0.78
16 45 -0.51
17 18 -0.13
17 19 -0.98
17 20 0.5
17 21 -0.55
17 22 0.0
17 23 -0.7
17 24 -0.99
17 25 0.71
17 26 0.59
17 27 -0.02
17 28 0.65
17 29 0.49
17 30 0.66
17 31 0.2
17 32 0.24
17 33 -0.46
17 34 -0.06
17 35 0.49
17 36 0.11
17 37 -0.52
17 38 0.25
17 39 -0.77
17 40 0.97
17 41 -0.44
17 42 -0.14
17 43 -0.36
17 44 -0.57
17 45 0.73
18 19 -0.83
18 20 0.82 
18 21 0.42
18 22 -0.62
18 23 0.82
18 24 -0.74
18 25 -0.69
18 26 0.99
18 27 -0.99
18 28 -0.27
18 29 0.59
18 30 0.66
18 31 0.24
18 32 0.39
18 33 0.19
18 34 0.88
18 35 -0.58
18 36 -0.9
18 37 -0.44
18 38 -0.19
18 39 0.51
18 40 -0.81
18 41 0.01
18 42 -0.57
18 43 -0.48
18 44 0.59
18 45 -0.15
19 20 0.21
19 21 0.42
19 22 -0.35
19 23 -0.49
19 24 -0.63
19 25 -0.1
19 26 0.41
19 27 -0.96
19 28 -0.06
19 29 0.14
19 30 -0.22
19 31 -0.86
19 32 -0.61
19 33 -0.32
19 34 0.19
19 35 0.97
19 36 -0.23
19 37 0.87
19 38 -0.06
19 39 -0.94
19 40 0.48
19 41 -0.02
19 42 0.38
19 43 -0.09
19 44 -0.0
19 45 0.61
20 21 0.2
20 22 -0.51
20 23 -0.57
20 24 -0.11
20 25 0.99
20 26 -0.31
20 27 0.36
20 28 -0.48
20 29 0.55
20 30 -0.98
20 31 -0.64
20 32 -0.09
20 33 -0.71
20 34 -0.06
20 35 -0.77
20 36 -0.26
20 37 -0.94
20 38 0.23
20 39 0.17
20 40 0.22
20 41 0.22
20 42 -0.5
20 43 -0.25
20 44 0.18
20 45 0.15
21 22 -0.44
21 23 -0.34
21 24 -0.05
21 25 -0.24
21 26 -0.51
21 27 0.3
21 28 0.32
21 29 0.31
21 30 0.15
21 31 0.14
21 32 -0.48
21 33 0.79
21 34 0.26
21 35 -0.66
21 36 0.45
21 37 0.07
21 38 0.44
21 39 -0.91
21 40 -0.98
21 41 0.8
21 42 0.97
21 43 -0.45 
21 44 -0.63
21 45 -0.54
22 23 0.39
22 24 0.48
22 25 0.86
22 26 0.66
22 27 -0.62
22 28 0.88
22 29 -0.77
22 30 0.82
22 31 -0.46
22 32 0.61
22 33 0.96
22 34 -0.27
22 35 -0.84
22 36 0.74
22 37 0.14
22 38 -0.61
22 39 -0.4
22 40 -0.16
22 41 -0.24
22 42 0.7
22 43 0.43
22 44 -0.86
22 45 -0.54
23 24 0.62
23 25 -0.53
23 26 0.15
23 27 0.09
23 28 -0.67
23 29 0.22
23 30 -0.63
23 31 0.49
23 32 0.79
23 33 0.75
23 34 -0.74
23 35 -0.69
23 36 0.88
23 37 -0.08
23 38 0.8
23 39 -0.91
23 40 0.31
23 41 -0.91
23 42 0.86
23 43 0.55
23 44 -0.61
23 45 -0.88
24 25 -0.78
24 26 -0.93
24 27 0.33
24 28 -0.51
24 29 0.23
24 30 0.53
24 31 -0.09
24 32 0.7
24 33 -0.59
24 34 -0.31
24 35 0.84
24 36 -0.97
24 37 -0.28
24 38 0.39
24 39 -0.56
24 40 -0.27
24 41 0.32
24 42 -0.27
24 43 0.23
24 44 -0.72
24 45 -0.04
25 26 -0.67
25 27 0.85
25 28 0.11
25 29 0.79
25 30 -0.83
25 31 -0.49
25 32 0.35
25 33 0.2
25 34 0.39
25 35 0.05
25 36 -0.21 
25 37 0.11
25 38 0.71
25 39 -0.87
25 40 -0.42
25 41 -0.26
25 42 0.93
25 43 0.13
25 44 0.69
25 45 -0.73
26 27 -0.4
26 28 0.78
26 29 -0.32
26 30 -0.09
26 31 0.72
26 32 -0.38
26 33 0.88
26 34 0.23
26 35 -0.49
26 36 -0.9
26 37 0.98
26 38 0.56
26 39 -0.21
26 40 -0.83
26 41 0.24
26 42 0.84
26 43 -0.77
26 44 -0.8
26 45 0.42
27 28 0.58
27 29 -0.55
27 30 -0.41
27 31 -0.93
27 32 0.68
27 33 0.73
27 34 -0.92
27 35 -0.6
27 36 0.47
27 37 -0.13
27 38 -0.27
27 39 0.25
27 40 -0.44
27 41 0.68
27 42 -0.34
27 43 -0.76
27 44 0.13
27 45 0.95
28 29 0.88
28 30 -0.83
28 31 0.84
28 32 0.84
28 33 0.75
28 34 -0.65
28 35 -0.75
28 36 0.79
28 37 0.47
28 38 -0.51
28 39 -0.49
28 40 -0.03
28 41 0.18
28 42 -0.52
28 43 -0.35
28 44 -0.49
28 45 0.68
29 30 0.63
29 31 -0.12
29 32 0.31
29 33 0.32
29 34 -0.57
29 35 0.3
29 36 0.97
29 37 -0.25
29 38 0.53
29 39 0.83
29 40 -0.57
29 41 -0.42
29 42 0.39
29 43 0.58
29 44 -0.7
29 45 -0.42
30 31 0.54
30 32 0.94
30 33 0.39
30 34 -0.62
30 35 -0.69
30 36 0.52
30 37 -0.03
30 38 -0.64
30 39 0.18
30 40 0.55
30 41 -0.31
30 42 0.24
30 43 -0.03
30 44 -0.11
30 45 -0.6
31 32 0.58
31 33 -0.4
31 34 -0.31
31 35 0.41
31 36 0.73
31 37 0.64
31 38 -0.14
31 39 -0.15
31 40 0.49
31 41 0.88
31 42 0.52
31 43 -0.83
31 44 0.49
31 45 0.67
32 33 -0.56
32 34 -0.87
32 35 0.96
32 36 -0.4
32 37 -0.17
32 38 -0.05
32 39 -0.01
32 40 0.98
32 41 0.74
32 42 -0.89
32 43 -0.2 
32 44 0.1
32 45 0.25
33 34 -0.26
33 35 0.56
33 36 0.84
33 37 -0.55
33 38 0.53
33 39 0.63
33 40 0.25
33 41 -0.22
33 42 0.48
33 43 -0.75
33 44 0.32
33 45 -0.31
34 35 -0.46
34 36 0.61
34 37 -0.22
34 38 0.39
34 39 -0.32
34 40 -0.11
34 41 -0.07
34 42 -0.29
34 43 -0.81
34 44 -0.1
34 45 0.17
35 36 -0.94
35 37 -0.95
35 38 0.14
35 39 0.55
35 40 -0.49
35 41 -0.54
35 42 -0.32
35 43 0.21
35 44 -0.56
35 45 -0.18
36 37 0.11
36 38 0.97
36 39 0.16
36 40 0.06
36 41 0.58
36 42 0.69
36 43 0.84
36 44 -0.12
36 45 -0.21
37 38 0.08
37 39 -0.31
37 40 -0.31
37 41 0.92
37 42 -0.68
37 43 0.97
37 44 0.43
37 45 0.74
38 39 -0.58
38 40 -0.09
38 41 -0.1
38 42 0.19
38 43 0.47
38 44 0.44
38 45 -0.96
39 40 -0.76
39 41 -0.46
39 42 -0.62
39 43 0.62
39 44 0.39
39 45 -0.37
40 41 -0.1
40 42 -0.71
40 43 0.97
40 44 0.75
40 45 0.94
41 42 0.68
41 43 0.26
41 44 0.43
41 45 -0.41
42 43 0.51
42 44 0.72
42 45 0.01
43 44 -0.03
43 45 -0.22
44 45 0.18