------annealing = 500, numread = 100
sampleset info: {'timing': {'qpu_sampling_time': 86996.0, 'qpu_anneal_time_per_sample': 500.0, 'qpu_readout_time_per_sample': 349.42, 'qpu_access_time': 97974.11, 'qpu_access_overhead_time': 1954.89, 'qpu_programming_time': 10978.11, 'qpu_delay_time_per_sample': 20.54, 'post_processing_overhead_time': 702.0, 'total_post_processing_time': 702.0}, 'problem_id': '7c988684-6674-4486-a40c-f071f36dffb9', 'embedding_context': {'embedding': {1: (1455, 1569, 1441, 1447), 0: (1587, 1597, 1573, 1581, 1589), 2: (1594, 1596, 1572, 1580, 1588), 3: (1325, 1323, 1707, 1579, 1451), 4: (1446, 1454, 1462, 1470, 1595, 1467), 5: (1704, 1576, 1448, 1320), 6: (1711, 1703, 1699, 1443, 1571), 7: (1710, 1702, 1442, 1570, 1698), 8: (1598, 1574, 1584, 1590, 1582), 9: (1586, 1458, 1444, 1452, 1460), 10: (1709, 1449, 1577, 1705), 11: (1599, 1575, 1583, 1591), 12: (1585, 1457, 1461, 1445, 1453), 13: (1326, 1322, 1706, 1578, 1450), 14: (1708, 1700, 1440, 1568, 1696)}, 'chain_break_method': 'majority_vote', 'embedding_parameters': {}, 'chain_strength': 2.9802254226506646}, 'warnings': []} 
sampleset record: [[ 1  1 -1 -1 -1 -1 -1  1 -1  1 -1 -1 -1  1 -1]
 [-1 -1  1  1  1  1  1 -1  1 -1  1  1  1 -1  1]
 [ 1 -1  1  1 -1  1 -1  1  1 -1 -1  1  1  1 -1]
 [-1  1 -1 -1  1 -1  1 -1 -1  1  1 -1 -1 -1  1]
 [ 1 -1 -1 -1 -1 -1 -1  1 -1  1 -1 -1 -1  1 -1]
 [-1  1  1  1  1  1  1 -1  1 -1  1  1  1 -1  1]
 [-1  1 -1 -1 -1 -1  1 -1 -1 -1  1  1 -1 -1  1]
 [ 1 -1  1  1 -1 -1 -1  1 -1  1 -1 -1 -1 -1 -1]
 [-1  1 -1 -1  1  1  1 -1  1 -1  1  1  1  1  1]
 [ 1  1 -1 -1  1 -1  1 -1 -1  1 -1 -1 -1  1  1]
 [-1  1 -1 -1 -1 -1  1 -1 -1  1  1 -1 -1 -1  1]
 [ 1 -1  1  1  1  1 -1  1  1 -1 -1  1  1  1 -1]
 [ 1  1 -1 -1 -1 -1 -1  1 -1  1 -1 -1 -1 -1 -1]
 [-1 -1  1  1  1  1  1 -1  1 -1  1  1  1  1  1]
 [ 1 -1  1  1 -1 -1 -1  1 -1  1 -1 -1  1  1 -1]
 [-1  1 -1 -1  1  1  1 -1  1 -1  1  1 -1 -1  1]
 [ 1  1  1 -1 -1 -1 -1 -1 -1 -1 -1 -1 -1 -1 -1]
 [-1  1 -1  1  1  1  1 -1  1 -1  1  1  1 -1  1]
 [ 1 -1  1 -1 -1 -1 -1  1 -1  1 -1 -1 -1  1 -1]
 [-1  1 -1 -1  1 -1  1 -1  1  1  1 -1 -1 -1  1]
 [ 1  1  1 -1 -1 -1 -1 -1 -1  1 -1 -1 -1 -1 -1]
 [ 1  1 -1 -1  1 -1 -1 -1 -1  1 -1 -1 -1  1  1]
 [ 1 -1 -1 -1  1 -1 -1  1 -1  1 -1 -1 -1  1  1]
 [-1  1 -1 -1  1 -1  1 -1 -1  1  1  1 -1 -1  1]
 [ 1 -1  1 -1 -1 -1 -1  1 -1  1 -1 -1 -1 -1 -1]
 [ 1  1 -1 -1 -1 -1  1  1 -1  1 -1 -1 -1 -1 -1]
 [ 1 -1 -1 -1  1 -1 -1  1 -1  1 -1 -1 -1  1 -1]
 [ 1  1 -1 -1 -1 -1  1 -1 -1  1 -1 -1 -1 -1 -1]
 [ 1  1 -1 -1 -1 -1 -1 -1 -1  1 -1 -1 -1  1 -1]
 [ 1  1  1 -1 -1 -1 -1  1 -1  1 -1 -1 -1 -1 -1]
 [ 1 -1 -1  1 -1 -1 -1  1 -1  1 -1 -1 -1  1 -1]
 [ 1 -1 -1 -1  1 -1  1 -1 -1  1 -1 -1 -1  1  1]
 [-1  1 -1 -1  1 -1  1  1 -1  1  1 -1 -1 -1  1]
 [ 1  1 -1 -1  1 -1  1  1 -1  1 -1 -1 -1  1  1]
 [ 1  1 -1 -1 -1 -1  1  1 -1  1 -1 -1 -1  1 -1]
 [-1  1 -1 -1 -1 -1  1 -1  1 -1  1  1 -1 -1  1]
 [-1  1 -1 -1 -1 -1  1  1 -1  1 -1 -1 -1 -1  1]
 [ 1 -1 -1 -1 -1 -1 -1  1 -1  1 -1 -1 -1 -1 -1]
 [ 1 -1 -1  1 -1 -1 -1  1 -1  1 -1 -1 -1 -1 -1]
 [-1  1 -1 -1 -1 -1  1 -1 -1 -1  1  1 -1 -1  1]
 [ 1 -1  1  1 -1  1 -1 -1  1 -1  1  1  1 -1 -1]
 [-1  1 -1 -1  1 -1  1 -1 -1  1  1 -1 -1 -1  1]
 [ 1 -1 -1 -1 -1 -1  1  1 -1  1 -1 -1 -1 -1 -1]
 [ 1  1 -1 -1 -1 -1  1  1 -1  1 -1 -1 -1 -1 -1]
 [ 1 -1  1 -1  1 -1 -1  1 -1  1 -1 -1 -1 -1 -1]
 [ 1  1  1 -1  1 -1 -1 -1 -1  1 -1 -1 -1 -1 -1]
 [-1  1 -1 -1  1 -1 -1  1 -1  1  1 -1 -1 -1  1]] 
sampleset energy: [-18.64 -18.64 -18.36 -18.36 -18.   -18.   -17.8  -17.76 -17.76 -17.68
 -17.48 -17.48 -17.34 -17.34 -17.32 -17.32 -17.14 -17.08 -17.08 -17.04
 -17.   -16.98 -16.76 -16.74 -16.42 -16.4  -16.36 -16.22 -15.94 -15.9
 -15.78 -15.76 -15.42 -15.1  -15.1  -14.96 -14.74 -14.74 -14.44 -17.8
 -13.88 -18.36 -13.16 -16.4  -11.82 -11.4  -10.12] 
Chain strength: 2.9802254226506646, Ground state probability: 0.24
Ground state is: Sample(sample={0: 1, 1: 1, 2: -1, 3: -1, 4: -1, 5: -1, 6: -1, 7: 1, 8: -1, 9: 1, 10: -1, 11: -1, 12: -1, 13: 1, 14: -1}, energy=-18.640000000000008, num_occurrences=19, chain_break_fraction=0.0), Ground state energy: -18.640000000000008
------annealing = 500, numread = 100
sampleset info: {'timing': {'qpu_sampling_time': 86996.0, 'qpu_anneal_time_per_sample': 500.0, 'qpu_readout_time_per_sample': 349.42, 'qpu_access_time': 97924.91, 'qpu_access_overhead_time': 1877.09, 'qpu_programming_time': 10928.91, 'qpu_delay_time_per_sample': 20.54, 'post_processing_overhead_time': 226.0, 'total_post_processing_time': 226.0}, 'problem_id': '67f4acd9-3481-42d8-b99e-e6a691e84818', 'embedding_context': {'embedding': {1: (405, 413, 153, 281, 409), 0: (404, 412, 420, 160, 288, 416), 2: (161, 276, 284, 289, 292), 3: (138, 142, 166, 158, 150), 4: (163, 291, 419, 407, 415, 423), 5: (17, 401, 273, 145), 6: (22, 18, 402, 274, 146), 7: (141, 165, 154, 157, 149), 8: (162, 406, 414, 422, 290, 418), 9: (144, 400, 278, 272), 10: (152, 293, 277, 280, 285), 11: (23, 19, 403, 275, 147), 12: (164, 140, 148, 156), 13: (136, 264, 271, 295, 287, 279), 14: (151, 283, 155, 167, 159)}, 'chain_break_method': 'majority_vote', 'embedding_parameters': {}, 'chain_strength': 2.9802254226506646}, 'warnings': []} 
sampleset record: [[ 1  1 -1 -1 -1 -1 -1  1 -1  1 -1 -1 -1  1 -1]
 [-1 -1  1  1  1  1  1 -1  1 -1  1  1  1 -1  1]
 [ 1 -1  1  1 -1  1 -1  1  1 -1 -1  1  1  1 -1]
 [-1  1 -1 -1  1 -1  1 -1 -1  1  1 -1 -1 -1  1]
 [-1  1  1  1  1  1  1 -1  1 -1  1  1  1 -1  1]
 [ 1 -1 -1 -1 -1 -1 -1  1 -1  1 -1 -1 -1  1 -1]
 [ 1 -1  1  1  1  1 -1  1  1  1 -1 -1  1  1 -1]
 [-1  1 -1 -1 -1 -1  1 -1 -1 -1  1  1 -1 -1  1]
 [-1  1 -1 -1  1  1  1 -1  1 -1  1  1  1  1  1]
 [-1  1 -1 -1 -1 -1  1 -1 -1  1  1 -1 -1 -1  1]
 [ 1 -1  1  1  1  1 -1  1  1 -1 -1  1  1  1 -1]
 [-1 -1  1  1  1  1  1 -1  1 -1  1  1  1  1  1]
 [ 1  1 -1 -1 -1 -1 -1  1 -1  1 -1 -1 -1 -1 -1]
 [ 1 -1  1  1 -1 -1 -1  1 -1  1 -1 -1  1  1 -1]
 [-1  1 -1 -1  1  1  1 -1  1 -1  1  1 -1 -1  1]
 [ 1  1 -1 -1 -1 -1 -1  1 -1  1 -1 -1 -1  1  1]
 [-1 -1  1  1  1  1  1 -1  1 -1  1  1  1 -1 -1]
 [-1 -1 -1  1  1  1  1  1  1  1  1  1  1  1  1]
 [ 1 -1  1 -1 -1 -1 -1  1 -1  1 -1 -1 -1  1 -1]
 [-1  1 -1  1  1  1  1 -1  1 -1  1  1  1 -1  1]
 [ 1 -1  1  1 -1  1 -1  1 -1 -1 -1  1  1  1 -1]
 [-1  1 -1 -1  1 -1  1 -1  1  1  1 -1 -1 -1  1]
 [-1 -1  1  1 -1  1  1  1  1 -1  1  1  1 -1 -1]
 [ 1  1 -1 -1 -1 -1 -1 -1 -1  1 -1 -1 -1  1  1]
 [-1  1  1  1 -1  1  1 -1  1 -1  1  1  1 -1 -1]
 [ 1 -1  1  1 -1  1 -1  1  1 -1 -1 -1  1  1 -1]
 [-1  1  1  1 -1  1  1 -1  1 -1  1  1  1 -1  1]
 [-1  1 -1  1  1  1  1 -1  1 -1  1  1  1 -1  1]
 [-1  1 -1  1  1  1  1  1  1 -1  1  1  1 -1  1]
 [-1 -1  1  1 -1  1  1 -1 -1 -1  1  1 -1 -1  1]
 [ 1 -1  1  1  1  1 -1 -1  1 -1  1  1  1  1  1]
 [-1 -1  1  1 -1  1  1 -1 -1 -1  1  1  1 -1  1]
 [-1  1 -1 -1  1 -1  1 -1  1 -1  1  1 -1 -1  1]
 [ 1  1 -1 -1 -1 -1  1 -1 -1  1 -1 -1 -1  1  1]
 [ 1  1 -1 -1 -1 -1 -1 -1 -1  1 -1 -1 -1 -1 -1]
 [-1  1 -1 -1 -1 -1  1 -1  1 -1  1  1 -1 -1  1]
 [-1  1 -1  1 -1  1  1 -1  1 -1  1  1  1 -1  1]
 [-1 -1 -1 -1  1 -1  1 -1 -1  1  1 -1 -1 -1  1]
 [-1  1 -1 -1  1 -1  1 -1  1  1 -1 -1 -1 -1  1]
 [ 1  1 -1 -1  1 -1 -1  1  1  1 -1 -1  1  1  1]
 [-1 -1 -1  1  1  1  1 -1  1 -1  1  1 -1 -1  1]
 [-1 -1 -1  1 -1  1  1 -1 -1 -1  1  1 -1 -1  1]] 
sampleset energy: [-18.64 -18.64 -18.36 -18.36 -18.   -18.   -17.8  -17.8  -17.76 -17.48
 -17.48 -17.34 -17.34 -17.32 -17.32 -17.24 -17.24 -17.14 -17.08 -17.08
 -17.04 -17.04 -16.98 -16.94 -16.76 -16.74 -16.36 -17.08 -16.1  -15.9
 -15.82 -15.6  -15.28 -15.12 -15.12 -14.96 -14.08 -14.04 -13.72 -14.06
 -12.34 -12.3 ] 
Chain strength: 2.9802254226506646, Ground state probability: 0.2
Ground state is: Sample(sample={0: 1, 1: 1, 2: -1, 3: -1, 4: -1, 5: -1, 6: -1, 7: 1, 8: -1, 9: 1, 10: -1, 11: -1, 12: -1, 13: 1, 14: -1}, energy=-18.640000000000008, num_occurrences=5, chain_break_fraction=0.0), Ground state energy: -18.640000000000008
