------annealing = 500, numread = 100
sampleset info: {'timing': {'qpu_sampling_time': 86996.0, 'qpu_anneal_time_per_sample': 500.0, 'qpu_readout_time_per_sample': 349.42, 'qpu_access_time': 97990.91, 'qpu_access_overhead_time': 1042.09, 'qpu_programming_time': 10994.91, 'qpu_delay_time_per_sample': 20.54, 'post_processing_overhead_time': 656.0, 'total_post_processing_time': 656.0}, 'problem_id': '50f6602f-53fc-4e7b-88e8-c870f2601a38', 'embedding_context': {'embedding': {1: (668, 652, 651, 779, 660, 907, 1035), 0: (783, 791, 1056, 928, 799, 800, 807), 2: (667, 671, 679, 673, 1057, 929, 801), 3: (941, 909, 917, 925, 933), 4: (1062, 1054, 1046, 1032, 904, 1038), 5: (905, 1033, 1036, 1060, 1052, 1044), 6: (678, 1042, 914, 670, 662, 786, 658), 7: (938, 942, 934, 910, 918, 926), 8: (936, 943, 911, 935, 927, 919), 9: (806, 798, 1034, 906, 778, 782, 790), 10: (666, 796, 1050, 922, 794), 11: (1037, 1045, 1053, 931, 1059, 1061), 12: (939, 940, 932, 908, 916, 924), 13: (1048, 664, 792, 920), 14: (676, 804, 1058, 930, 674, 802), 15: (1049, 921, 665, 793), 16: (663, 788, 1043, 915, 659, 787), 17: (795, 923, 1051, 1063, 1039, 1047, 1055), 18: (1040, 912, 784, 669, 661, 656), 19: (805, 781, 797, 1041, 789, 913, 785)}, 'chain_break_method': 'majority_vote', 'embedding_parameters': {}, 'chain_strength': 3.1118089182081863}, 'warnings': []} 
sampleset record: [[ 1 -1 -1 ... -1  1  1]
 [ 1 -1 -1 ... -1  1 -1]
 [ 1 -1 -1 ... -1  1 -1]
 ...
 [-1 -1  1 ... -1  1 -1]
 [ 1 -1  1 ... -1  1  1]
 [ 1  1 -1 ... -1  1  1]] 
sampleset energy: [-28.14 -28.04 -27.72 -27.68 -27.68 -27.66 -27.66 -27.46 -27.38 -26.94
 -26.42 -26.38 -26.28 -26.12 -26.08 -25.7  -25.46 -25.44 -25.34 -25.26
 -25.26 -24.96 -24.84 -24.84 -24.48 -24.34 -24.06 -23.68 -23.68 -23.58
 -23.52 -23.28 -23.2  -22.86 -28.14 -22.68 -22.26 -22.5  -22.16 -22.1
 -22.1  -22.   -21.84 -21.54 -21.52 -21.42 -27.72 -21.22 -20.9  -20.86
 -20.84 -26.08 -20.14 -23.14 -27.72 -20.26 -19.74 -19.7  -20.1  -18.3 ] 
Chain strength: 3.1118089182081863, Ground state probability: 0.03
Ground state is: Sample(sample={0: 1, 1: -1, 2: -1, 3: -1, 4: -1, 5: 1, 6: -1, 7: 1, 8: -1, 9: -1, 10: 1, 11: -1, 12: 1, 13: -1, 14: -1, 15: 1, 16: -1, 17: -1, 18: 1, 19: 1}, energy=-28.14, num_occurrences=2, chain_break_fraction=0.0), Ground state energy: -28.14
------annealing = 500, numread = 100
sampleset info: {'timing': {'qpu_sampling_time': 86996.0, 'qpu_anneal_time_per_sample': 500.0, 'qpu_readout_time_per_sample': 349.42, 'qpu_access_time': 98007.31, 'qpu_access_overhead_time': 1814.69, 'qpu_programming_time': 11011.31, 'qpu_delay_time_per_sample': 20.54, 'post_processing_overhead_time': 2438.0, 'total_post_processing_time': 2438.0}, 'problem_id': '7d9efa82-1e6d-4aee-978c-3ac78378f553', 'embedding_context': {'embedding': {1: (1775, 2025, 1513, 1897, 1769, 1641), 0: (1786, 1914, 1636, 1644, 1652, 1658, 1660), 2: (1524, 1516, 1514, 2026, 1898, 1642, 1770), 3: (2024, 1896, 1772, 1512, 1640, 1768), 4: (2043, 1915, 1787, 1659, 1531, 1535, 1527, 1519), 5: (1774, 1521, 2033, 1782, 1905, 1649, 1777), 6: (1773, 1789, 1781, 1904, 1648, 2032, 1776), 7: (2044, 2036, 1888, 1632, 1760, 2016, 2028, 2020), 8: (1894, 1663, 1763, 1655, 1647, 1635, 1891, 1639), 9: (1517, 1525, 1523, 1907, 2035, 1779, 1651), 10: (2018, 1634, 1762, 1890, 1892, 1916, 1908, 1900), 11: (1515, 2027, 1643, 1899, 1771), 12: (1889, 2045, 2042, 2037, 2029, 2021, 2017), 13: (1895, 1919, 1911, 1903), 14: (1637, 1645, 1661, 1653), 15: (1662, 1638, 1646, 1654), 16: (1893, 1901, 1917, 1909), 17: (2031, 2039, 2047, 1913, 1657, 1785, 2041), 18: (1902, 1918, 1910, 1650, 1778, 2034, 1906), 19: (2038, 2046, 2030, 2040, 1656, 1784, 1912)}, 'chain_break_method': 'majority_vote', 'embedding_parameters': {}, 'chain_strength': 3.1118089182081863}, 'warnings': [{'type': <class 'dwave.system.warnings.ChainLengthWarning'>, 'message': 'Chain length greater than 7', 'level': 30, 'data': {'target_variables': (2043, 1915, 1787, 1659, 1531, 1535, 1527, 1519), 'source_variables': [4]}}, {'type': <class 'dwave.system.warnings.ChainLengthWarning'>, 'message': 'Chain length greater than 7', 'level': 30, 'data': {'target_variables': (2044, 2036, 1888, 1632, 1760, 2016, 2028, 2020), 'source_variables': [7]}}, {'type': <class 'dwave.system.warnings.ChainLengthWarning'>, 'message': 'Chain length greater than 7', 'level': 30, 'data': {'target_variables': (1894, 1663, 1763, 1655, 1647, 1635, 1891, 1639), 'source_variables': [8]}}, {'type': <class 'dwave.system.warnings.ChainLengthWarning'>, 'message': 'Chain length greater than 7', 'level': 30, 'data': {'target_variables': (2018, 1634, 1762, 1890, 1892, 1916, 1908, 1900), 'source_variables': [10]}}]} 
sampleset record: [[-1  1  1  1  1 -1  1 -1  1  1 -1  1 -1  1  1 -1  1  1 -1 -1]
 [ 1 -1 -1 -1 -1  1 -1  1 -1 -1  1 -1  1 -1 -1  1 -1 -1  1  1]
 [-1  1  1  1  1 -1  1 -1  1  1 -1  1 -1 -1  1 -1  1  1 -1 -1]
 [ 1 -1 -1 -1 -1  1 -1  1 -1 -1  1 -1  1  1 -1  1 -1 -1  1  1]
 [-1  1  1  1  1 -1  1 -1  1  1 -1  1 -1  1  1 -1 -1  1 -1  1]
 [ 1 -1 -1 -1 -1  1 -1  1 -1 -1  1 -1  1 -1 -1  1  1 -1  1 -1]
 [-1  1  1  1  1 -1  1 -1  1  1 -1  1 -1 -1  1 -1 -1  1 -1  1]
 [ 1 -1 -1 -1 -1  1 -1  1 -1 -1  1 -1  1  1 -1  1  1 -1  1 -1]
 [-1  1  1  1 -1 -1  1 -1  1  1 -1  1 -1  1  1 -1 -1  1 -1  1]
 [ 1 -1 -1 -1  1  1 -1  1 -1 -1  1 -1  1 -1 -1  1  1 -1  1 -1]
 [-1  1  1  1 -1 -1  1 -1  1 -1 -1  1 -1  1 -1 -1  1  1 -1 -1]
 [-1  1  1  1 -1 -1  1 -1  1  1 -1  1 -1  1  1 -1  1  1 -1 -1]
 [-1  1  1  1 -1 -1  1 -1  1 -1 -1  1 -1  1 -1 -1  1  1  1 -1]
 [ 1 -1 -1 -1 -1  1  1  1 -1 -1  1 -1  1  1 -1 -1  1 -1  1 -1]
 [-1  1  1  1  1 -1 -1 -1  1  1 -1  1 -1 -1  1  1 -1  1 -1  1]
 [-1  1  1  1  1 -1  1 -1  1  1 -1  1 -1  1  1 -1  1  1 -1  1]
 [-1  1  1  1 -1 -1  1 -1  1  1 -1  1 -1  1  1 -1 -1  1 -1 -1]
 [-1  1  1  1 -1 -1  1 -1  1 -1 -1  1 -1  1  1 -1  1  1  1 -1]
 [-1  1  1  1  1 -1  1 -1  1  1 -1  1 -1 -1  1  1 -1  1 -1  1]
 [-1  1  1  1  1 -1  1 -1  1 -1 -1  1 -1  1  1 -1  1  1  1 -1]
 [-1  1  1  1  1 -1 -1 -1  1  1 -1  1 -1 -1  1  1 -1 -1 -1  1]
 [-1 -1  1  1  1 -1  1 -1  1  1 -1  1 -1  1  1 -1  1  1 -1 -1]
 [-1 -1  1  1 -1 -1  1 -1  1  1 -1  1 -1  1  1 -1  1  1 -1 -1]
 [-1  1  1  1  1 -1  1 -1  1 -1 -1  1 -1  1 -1 -1  1  1  1 -1]
 [ 1 -1 -1 -1 -1  1  1  1 -1 -1  1 -1  1  1 -1  1 -1 -1  1  1]
 [-1 -1  1  1 -1 -1  1 -1  1  1 -1  1 -1  1  1 -1 -1  1 -1  1]
 [-1  1  1  1  1 -1  1 -1  1 -1 -1  1 -1 -1  1 -1  1  1  1 -1]
 [-1 -1  1  1  1 -1  1 -1  1 -1 -1  1 -1  1  1  1  1 -1  1 -1]
 [ 1 -1  1  1  1 -1 -1 -1  1  1 -1  1 -1 -1  1  1 -1 -1 -1  1]
 [-1 -1  1 -1 -1 -1  1 -1  1  1 -1  1 -1  1  1 -1  1  1  1 -1]
 [ 1 -1  1 -1  1  1 -1  1 -1  1  1  1  1 -1  1  1  1 -1 -1  1]
 [ 1 -1 -1 -1 -1 -1 -1  1 -1  1  1 -1  1 -1 -1  1 -1 -1  1  1]
 [-1  1  1  1 -1 -1  1 -1  1 -1 -1  1 -1 -1 -1 -1  1  1  1 -1]] 
sampleset energy: [-28.14 -28.14 -28.12 -28.12 -28.04 -28.04 -28.02 -28.02 -27.72 -27.72
 -27.68 -27.46 -27.38 -26.94 -26.94 -26.62 -26.28 -26.08 -25.94 -26.12
 -25.46 -24.96 -24.84 -23.78 -24.04 -23.74 -23.46 -23.18 -22.42 -23.1
 -22.52 -21.64 -20.8 ] 
Chain strength: 3.1118089182081863, Ground state probability: 0.15
Ground state is: Sample(sample={0: -1, 1: 1, 2: 1, 3: 1, 4: 1, 5: -1, 6: 1, 7: -1, 8: 1, 9: 1, 10: -1, 11: 1, 12: -1, 13: 1, 14: 1, 15: -1, 16: 1, 17: 1, 18: -1, 19: -1}, energy=-28.14, num_occurrences=14, chain_break_fraction=0.0), Ground state energy: -28.14
------annealing = 500, numread = 100
sampleset info: {'timing': {'qpu_sampling_time': 86996.0, 'qpu_anneal_time_per_sample': 500.0, 'qpu_readout_time_per_sample': 349.42, 'qpu_access_time': 97994.71, 'qpu_access_overhead_time': 948.29, 'qpu_programming_time': 10998.71, 'qpu_delay_time_per_sample': 20.54, 'post_processing_overhead_time': 304.0, 'total_post_processing_time': 304.0}, 'problem_id': '91ffec4b-ce2a-4cba-b8b4-53ca0382e053', 'embedding_context': {'embedding': {1: (425, 553, 580, 572, 564, 556), 0: (463, 455, 431, 439, 447), 2: (828, 449, 705, 836, 577, 833), 3: (459, 428, 436, 460, 452, 444), 4: (708, 692, 570, 442, 698, 700), 5: (561, 429, 433, 453, 445, 437), 6: (451, 707, 831, 839, 579, 835), 7: (582, 574, 566, 427, 555, 558), 8: (456, 462, 430, 454, 438, 446), 9: (709, 701, 693, 434, 562, 690), 10: (559, 567, 575, 583, 586, 458, 591), 11: (552, 424, 680, 710, 702, 694, 686), 12: (568, 824, 440, 696), 13: (830, 825, 441, 569, 697), 14: (834, 578, 450, 706), 15: (837, 832, 576, 448, 704), 16: (820, 821, 823, 816, 560, 432, 688), 17: (711, 703, 563, 435, 691, 695), 18: (829, 571, 827, 443, 699), 19: (426, 581, 573, 565, 557, 554)}, 'chain_break_method': 'majority_vote', 'embedding_parameters': {}, 'chain_strength': 3.1118089182081863}, 'warnings': []} 
sampleset record: [[ 1 -1 -1 -1 -1  1 -1  1 -1 -1  1 -1  1 -1 -1  1 -1 -1  1  1]
 [-1  1  1  1  1 -1  1 -1  1  1 -1  1 -1  1  1 -1  1  1 -1 -1]
 [ 1 -1 -1 -1 -1  1 -1  1 -1 -1  1 -1  1  1 -1  1 -1 -1  1  1]
 [-1  1  1  1  1 -1  1 -1  1  1 -1  1 -1 -1  1 -1  1  1 -1 -1]
 [ 1 -1 -1 -1 -1  1 -1  1 -1 -1  1 -1  1 -1 -1  1  1 -1  1 -1]
 [-1  1  1  1  1 -1  1 -1  1  1 -1  1 -1  1  1 -1 -1  1 -1  1]
 [-1  1  1  1  1 -1  1 -1  1  1 -1  1 -1 -1  1 -1 -1  1 -1  1]
 [ 1 -1 -1 -1 -1  1 -1  1 -1 -1  1 -1  1  1 -1  1  1 -1  1 -1]
 [ 1 -1 -1 -1  1  1 -1  1 -1 -1  1 -1  1 -1 -1  1  1 -1  1 -1]
 [-1  1  1  1 -1 -1  1 -1  1  1 -1  1 -1  1  1 -1 -1  1 -1  1]
 [ 1 -1 -1 -1  1  1 -1  1 -1  1  1 -1  1 -1  1  1 -1 -1  1  1]
 [-1  1  1  1 -1 -1  1 -1  1 -1 -1  1 -1  1 -1 -1  1  1 -1 -1]
 [-1  1  1  1  1 -1  1 -1  1 -1 -1  1 -1  1  1 -1  1  1 -1 -1]
 [ 1 -1 -1 -1 -1  1 -1  1 -1  1  1 -1  1 -1 -1  1 -1 -1  1  1]
 [ 1 -1 -1 -1  1  1 -1  1 -1 -1  1 -1  1 -1 -1  1 -1 -1  1  1]
 [-1  1  1  1 -1 -1  1 -1  1  1 -1  1 -1  1  1 -1  1  1 -1 -1]
 [-1  1  1  1 -1 -1  1 -1  1 -1 -1  1 -1  1 -1 -1  1  1  1 -1]
 [ 1 -1 -1 -1  1  1 -1  1 -1  1  1 -1  1 -1  1  1 -1 -1 -1  1]
 [-1  1  1  1  1 -1 -1 -1  1  1 -1  1 -1 -1  1  1 -1  1 -1  1]
 [ 1 -1 -1 -1 -1  1  1  1 -1 -1  1 -1  1  1 -1 -1  1 -1  1 -1]
 [-1  1  1  1  1 -1  1 -1  1  1 -1  1 -1  1  1 -1  1  1 -1  1]
 [ 1 -1 -1 -1 -1  1 -1  1 -1 -1  1 -1  1  1 -1  1 -1 -1  1 -1]
 [-1  1  1  1  1 -1  1 -1  1  1 -1  1 -1 -1  1 -1  1  1 -1  1]
 [-1  1  1  1  1 -1  1 -1  1  1 -1  1 -1 -1  1 -1 -1  1 -1 -1]
 [ 1 -1 -1 -1 -1  1 -1  1 -1 -1  1 -1  1  1 -1 -1  1 -1  1 -1]
 [ 1 -1 -1 -1 -1  1  1  1 -1 -1  1 -1  1  1 -1  1  1 -1  1 -1]
 [-1  1  1  1 -1 -1  1 -1  1  1 -1  1 -1  1  1 -1  1  1 -1  1]
 [-1 -1  1  1  1 -1  1 -1  1  1 -1  1 -1 -1  1 -1  1  1 -1 -1]
 [ 1 -1 -1 -1 -1  1 -1  1 -1 -1  1 -1  1  1 -1  1 -1 -1  1 -1]
 [-1  1  1  1  1 -1  1 -1  1  1 -1  1 -1 -1  1  1  1  1 -1 -1]
 [ 1 -1 -1 -1 -1  1 -1  1 -1 -1  1 -1  1  1 -1 -1 -1 -1  1 -1]
 [-1  1  1  1  1 -1  1 -1  1  1 -1  1 -1 -1  1 -1  1  1 -1 -1]
 [ 1 -1 -1 -1  1  1 -1  1 -1  1  1 -1  1 -1  1 -1 -1 -1 -1  1]
 [-1  1  1  1 -1 -1  1 -1  1  1 -1  1 -1  1 -1 -1  1  1 -1  1]
 [-1 -1  1  1  1 -1  1 -1  1  1 -1  1 -1 -1  1  1  1  1 -1 -1]
 [-1  1  1  1  1 -1  1 -1  1  1 -1 -1 -1  1  1 -1  1  1 -1 -1]
 [-1  1  1  1  1 -1 -1 -1  1  1 -1 -1 -1 -1  1  1 -1  1 -1  1]
 [ 1  1  1 -1  1  1 -1  1  1  1  1 -1  1 -1  1  1  1  1 -1  1]
 [-1  1  1  1 -1 -1  1 -1  1  1 -1  1 -1  1  1  1  1  1 -1  1]
 [-1  1 -1  1 -1 -1  1 -1 -1 -1 -1  1 -1  1 -1 -1 -1 -1 -1 -1]
 [-1  1 -1  1  1 -1 -1 -1 -1 -1  1 -1  1  1 -1 -1 -1 -1 -1 -1]
 [ 1 -1 -1  1  1  1 -1  1 -1 -1  1  1  1 -1  1  1  1  1 -1 -1]] 
sampleset energy: [-28.14 -28.14 -28.12 -28.12 -28.04 -28.04 -28.02 -28.02 -27.72 -27.72
 -27.68 -27.68 -27.66 -27.66 -27.46 -27.46 -27.38 -27.38 -26.94 -26.94
 -26.62 -26.6  -26.6  -25.98 -25.94 -25.7  -25.34 -25.26 -26.6  -24.88
 -24.52 -28.12 -24.02 -23.52 -22.98 -22.88 -22.88 -22.16 -22.1  -21.88
 -21.76 -18.26] 
Chain strength: 3.1118089182081863, Ground state probability: 0.1
Ground state is: Sample(sample={0: 1, 1: -1, 2: -1, 3: -1, 4: -1, 5: 1, 6: -1, 7: 1, 8: -1, 9: -1, 10: 1, 11: -1, 12: 1, 13: -1, 14: -1, 15: 1, 16: -1, 17: -1, 18: 1, 19: 1}, energy=-28.14, num_occurrences=1, chain_break_fraction=0.0), Ground state energy: -28.14
