------annealing = 1000, numread = 200
sampleset info: {'timing': {'qpu_sampling_time': 273992.0, 'qpu_anneal_time_per_sample': 1000.0, 'qpu_readout_time_per_sample': 349.42, 'qpu_access_time': 284964.51, 'qpu_access_overhead_time': 1132.49, 'qpu_programming_time': 10972.51, 'qpu_delay_time_per_sample': 20.54, 'post_processing_overhead_time': 2010.0, 'total_post_processing_time': 2010.0}, 'problem_id': '3b54342c-a010-47fd-8d6c-2ba18a04b878', 'embedding_context': {'embedding': {1: (729, 868, 860, 601, 857), 0: (996, 992, 608, 736, 864), 2: (731, 869, 861, 603, 859), 3: (871, 611, 739, 867), 4: (726, 734, 742, 750), 5: (744, 616, 604, 612, 620), 6: (607, 746, 618, 615, 623), 7: (862, 745, 617, 873, 870, 878), 8: (732, 747, 748, 740), 9: (720, 727, 735, 743, 751), 10: (858, 730, 613, 605, 602), 11: (994, 610, 866, 738), 12: (993, 737, 999, 609, 865), 13: (728, 856, 600, 614, 606), 14: (722, 749, 741, 725, 733)}, 'chain_break_method': 'majority_vote', 'embedding_parameters': {}, 'chain_strength': 2.6936249017097964}, 'warnings': []} 
sampleset record: [[ 1  1 -1 ... -1  1 -1]
 [-1 -1  1 ...  1 -1  1]
 [ 1 -1  1 ...  1  1 -1]
 ...
 [ 1 -1  1 ... -1  1 -1]
 [-1 -1  1 ...  1  1 -1]
 [ 1 -1  1 ... -1 -1 -1]] 
sampleset energy: [-18.64 -18.64 -18.36 -18.36 -18.   -18.   -17.8  -17.8  -17.76 -17.76
 -17.68 -17.68 -17.48 -17.48 -17.34 -17.32 -17.32 -17.24 -17.14 -17.08
 -17.08 -17.14 -17.14 -17.04 -17.   -16.98 -16.94 -16.94 -16.76 -16.76
 -16.76 -16.54 -16.5  -16.44 -16.44 -16.36 -16.36 -16.36 -15.44 -16.14
 -16.1  -15.94 -15.9  -15.82 -15.78 -15.76 -15.7  -15.7  -18.64 -15.48
 -15.48 -10.7  -15.34 -15.34 -15.2  -15.12 -14.98 -17.24 -18.36 -14.44
 -17.08 -16.5  -13.54 -13.54 -13.06 -13.42 -13.08 -17.32 -15.9  -17.08
  -9.84  -8.96] 
Chain strength: 2.6936249017097964, Ground state probability: 0.175
Ground state is: Sample(sample={0: 1, 1: 1, 2: -1, 3: -1, 4: -1, 5: -1, 6: -1, 7: 1, 8: -1, 9: 1, 10: -1, 11: -1, 12: -1, 13: 1, 14: -1}, energy=-18.640000000000008, num_occurrences=30, chain_break_fraction=0.0), Ground state energy: -18.640000000000008
------annealing = 1000, numread = 200
sampleset info: {'timing': {'qpu_sampling_time': 273992.0, 'qpu_anneal_time_per_sample': 1000.0, 'qpu_readout_time_per_sample': 349.42, 'qpu_access_time': 284948.11, 'qpu_access_overhead_time': 1253.89, 'qpu_programming_time': 10956.11, 'qpu_delay_time_per_sample': 20.54, 'post_processing_overhead_time': 2020.0, 'total_post_processing_time': 2020.0}, 'problem_id': '43dfc0c1-9b4e-4d30-a26e-b29a87575616', 'embedding_context': {'embedding': {1: (1943, 1555, 1939, 1683, 1811), 0: (1666, 1695, 1671, 1679, 1687), 2: (1821, 1813, 1545, 1673, 1801, 1805), 3: (1688, 1560, 1549, 1557, 1565), 4: (1668, 1692, 1684, 1676), 5: (1675, 1694, 1686, 1670, 1678), 6: (1559, 1567, 1818, 1690, 1562), 7: (1665, 1669, 1693, 1685, 1677), 8: (1942, 1937, 1553, 1681, 1809), 9: (1936, 1552, 1680, 1808), 10: (1814, 1822, 1563, 1819, 1691), 11: (1815, 1561, 1689, 1817, 1823), 12: (1564, 1556, 1674, 1548, 1546), 13: (1566, 1672, 1544, 1550, 1558), 14: (1812, 1554, 1682, 1810)}, 'chain_break_method': 'majority_vote', 'embedding_parameters': {}, 'chain_strength': 2.6936249017097964}, 'warnings': []} 
sampleset record: [[-1 -1  1  1  1  1  1 -1  1 -1  1  1  1 -1  1]
 [ 1  1 -1 -1 -1 -1 -1  1 -1  1 -1 -1 -1  1 -1]
 [-1  1 -1 -1  1 -1  1 -1 -1  1  1 -1 -1 -1  1]
 [ 1 -1  1  1 -1  1 -1  1  1 -1 -1  1  1  1 -1]
 [-1  1  1  1  1  1  1 -1  1 -1  1  1  1 -1  1]
 [ 1 -1 -1 -1 -1 -1 -1  1 -1  1 -1 -1 -1  1 -1]
 [ 1 -1  1  1  1  1 -1  1  1  1 -1 -1  1  1 -1]
 [-1  1 -1 -1 -1 -1  1 -1 -1 -1  1  1 -1 -1  1]
 [ 1 -1  1  1 -1 -1 -1  1 -1  1 -1 -1 -1 -1 -1]
 [-1  1 -1 -1  1  1  1 -1  1 -1  1  1  1  1  1]
 [-1 -1  1  1 -1  1 -1  1  1 -1  1  1  1 -1 -1]
 [-1  1 -1 -1 -1 -1  1 -1 -1  1  1 -1 -1 -1  1]
 [ 1  1 -1 -1 -1 -1 -1  1 -1  1 -1 -1 -1 -1 -1]
 [-1 -1  1  1  1  1  1 -1  1 -1  1  1  1  1  1]
 [-1  1 -1 -1  1  1  1 -1  1 -1  1  1 -1 -1  1]
 [ 1  1 -1 -1 -1 -1 -1  1 -1  1 -1 -1 -1  1  1]
 [ 1  1  1 -1 -1 -1 -1 -1 -1 -1 -1 -1 -1 -1 -1]
 [-1 -1 -1  1  1  1  1  1  1  1  1  1  1  1  1]
 [-1  1 -1 -1  1 -1  1 -1  1  1  1 -1 -1 -1  1]
 [-1 -1 -1  1  1  1  1  1  1 -1  1  1  1  1  1]
 [ 1  1 -1 -1  1 -1 -1 -1 -1  1 -1 -1 -1  1  1]
 [ 1  1 -1 -1 -1 -1 -1 -1 -1  1 -1 -1 -1  1  1]
 [-1  1  1  1 -1  1  1 -1  1 -1  1  1  1 -1 -1]
 [-1  1 -1 -1  1 -1  1 -1 -1  1  1  1 -1 -1  1]
 [-1  1 -1 -1 -1 -1  1 -1 -1  1  1  1 -1 -1  1]
 [ 1  1 -1 -1 -1 -1  1 -1 -1  1 -1 -1 -1 -1 -1]
 [ 1 -1  1 -1  1  1 -1  1  1  1 -1 -1  1  1 -1]
 [-1  1 -1  1 -1 -1  1 -1 -1 -1  1  1 -1 -1  1]
 [ 1  1 -1 -1 -1 -1 -1  1  1  1 -1 -1  1  1 -1]
 [ 1  1 -1 -1 -1 -1 -1 -1 -1  1 -1 -1 -1  1 -1]
 [-1  1 -1 -1  1 -1  1 -1 -1  1 -1 -1 -1 -1  1]
 [ 1  1 -1 -1  1 -1 -1  1  1  1 -1 -1  1  1 -1]
 [-1  1 -1 -1 -1 -1  1 -1 -1 -1  1 -1 -1 -1  1]
 [ 1  1 -1 -1 -1 -1 -1  1 -1  1 -1 -1  1  1 -1]
 [ 1  1 -1 -1 -1 -1 -1  1  1  1 -1 -1 -1  1 -1]
 [ 1  1 -1 -1 -1 -1 -1  1 -1  1 -1 -1 -1  1 -1]
 [ 1 -1  1 -1 -1 -1 -1 -1 -1  1 -1 -1 -1  1 -1]
 [ 1  1 -1 -1 -1 -1 -1 -1 -1  1 -1 -1 -1 -1 -1]
 [ 1  1 -1 -1 -1 -1  1  1 -1  1 -1 -1 -1  1 -1]
 [-1  1 -1  1 -1  1  1 -1 -1 -1  1  1  1 -1  1]
 [-1 -1  1  1  1  1  1 -1 -1 -1  1  1  1 -1  1]] 
sampleset energy: [-18.64 -18.64 -18.36 -18.36 -18.   -18.   -17.8  -17.8  -17.76 -17.76
 -17.68 -17.48 -17.34 -17.34 -17.32 -17.24 -17.14 -17.14 -17.04 -17.
 -16.98 -16.94 -16.76 -16.74 -16.54 -16.22 -16.06 -16.06 -16.02 -15.94
 -15.92 -15.9  -15.7  -15.42 -15.36 -18.64 -16.1  -15.12 -15.1  -12.48
 -15.36] 
Chain strength: 2.6936249017097964, Ground state probability: 0.355
Ground state is: Sample(sample={0: -1, 1: -1, 2: 1, 3: 1, 4: 1, 5: 1, 6: 1, 7: -1, 8: 1, 9: -1, 10: 1, 11: 1, 12: 1, 13: -1, 14: 1}, energy=-18.640000000000008, num_occurrences=6, chain_break_fraction=0.0), Ground state energy: -18.640000000000008
