------annealing = 2000, numread = 400
sampleset info: {'timing': {'qpu_sampling_time': 947984.0, 'qpu_anneal_time_per_sample': 2000.0, 'qpu_readout_time_per_sample': 349.42, 'qpu_access_time': 959039.11, 'qpu_access_overhead_time': 1068.89, 'qpu_programming_time': 11055.11, 'qpu_delay_time_per_sample': 20.54, 'post_processing_overhead_time': 377.0, 'total_post_processing_time': 377.0}, 'problem_id': '8c2a7d7e-bc5a-4386-8df5-00088b162ccf', 'embedding_context': {'embedding': {1: (122, 127, 95, 103, 119, 111), 0: (238, 96, 222, 230, 352, 224), 2: (115, 223, 243, 231, 239, 247), 3: (350, 113, 241, 369, 374, 358, 366), 4: (106, 234, 362, 479, 487, 495, 490), 5: (477, 485, 99, 227, 355, 483), 6: (93, 101, 125, 117, 109), 7: (242, 114, 118, 94, 102, 110), 8: (112, 240, 244, 220, 228, 236), 9: (221, 229, 237, 245, 121, 253, 249), 10: (97, 225, 481, 349, 357, 353), 11: (348, 364, 361, 356, 233, 105), 12: (473, 89, 217, 345), 13: (351, 91, 219, 475, 347), 14: (88, 216, 472, 344), 15: (92, 120, 124, 100, 116, 108), 16: (98, 226, 482, 354), 17: (484, 476, 474, 90, 218, 346), 18: (359, 492, 488, 367, 104, 232, 360), 19: (478, 235, 107, 486, 494, 363, 491)}, 'chain_break_method': 'majority_vote', 'embedding_parameters': {}, 'chain_strength': 1.9959267202802318}, 'warnings': []} 
sampleset record: [[ 1  1 -1 ...  1  1 -1]
 [-1 -1  1 ... -1 -1  1]
 [ 1  1 -1 ...  1  1 -1]
 ...
 [ 1  1 -1 ...  1  1 -1]
 [-1 -1  1 ... -1 -1  1]
 [ 1 -1  1 ... -1  1  1]] 
sampleset energy: [-29.78 -29.78 -29.22 -29.22 -29.22 -29.22 -28.88 -28.88 -28.76 -28.76
 -29.78 -28.5  -28.5  -28.18 -29.78 -29.22 -28.76 -27.58 -27.58 -27.54
 -27.44 -27.32 -27.32 -27.3  -27.3  -29.78 -26.2  -27.04 -27.02 -26.92
 -26.92 -29.78 -26.6  -27.32 -26.28 -26.28 -29.78 -26.12 -26.   -25.66
 -27.42 -27.32 -25.5  -21.78 -27.04 -24.82 -24.82 -26.28 -19.06 -24.82
 -24.78 -24.82 -24.52 -24.82 -27.54 -27.58 -29.22 -24.78 -21.6 ] 
Chain strength: 1.9959267202802318, Ground state probability: 0.245
Ground state is: Sample(sample={0: 1, 1: 1, 2: -1, 3: -1, 4: -1, 5: -1, 6: -1, 7: -1, 8: 1, 9: -1, 10: 1, 11: 1, 12: -1, 13: -1, 14: 1, 15: -1, 16: -1, 17: 1, 18: 1, 19: -1}, energy=-29.780000000000012, num_occurrences=21, chain_break_fraction=0.0), Ground state energy: -29.780000000000012
------annealing = 2000, numread = 400
sampleset info: {'timing': {'qpu_sampling_time': 947984.0, 'qpu_anneal_time_per_sample': 2000.0, 'qpu_readout_time_per_sample': 349.42, 'qpu_access_time': 959032.11, 'qpu_access_overhead_time': 1452.89, 'qpu_programming_time': 11048.11, 'qpu_delay_time_per_sample': 20.54, 'post_processing_overhead_time': 641.0, 'total_post_processing_time': 641.0}, 'problem_id': '984be6ef-9c8c-4b9a-b6fc-6c499d729a5c', 'embedding_context': {'embedding': {1: (1749, 1233, 1361, 1745, 1617, 1489), 0: (1626, 1498, 1230, 1238, 1246, 1242, 1370), 2: (1627, 1499, 1231, 1371, 1239, 1247, 1243), 3: (1750, 1746, 1618, 1234, 1362, 1490), 4: (1502, 1494, 1603, 1475, 1478, 1486), 5: (1610, 1237, 1229, 1482, 1354, 1226), 6: (1600, 1472, 1500, 1492, 1484, 1476), 7: (1748, 1232, 1360, 1744, 1616, 1488), 8: (1373, 1365, 1608, 1480, 1352, 1357), 9: (1356, 1364, 1372, 1625, 1497, 1369), 10: (1747, 1619, 1235, 1363, 1491), 11: (1479, 1609, 1481, 1487, 1503, 1495), 12: (1629, 1605, 1613, 1621), 13: (1624, 1630, 1606, 1614, 1622), 14: (1604, 1628, 1620, 1612), 15: (1496, 1368, 1358, 1366, 1374), 16: (1601, 1611, 1631, 1623, 1615, 1607), 17: (1602, 1474, 1501, 1493, 1477, 1485), 18: (1375, 1367, 1359, 1351, 1345, 1473), 19: (1483, 1236, 1228, 1227, 1355)}, 'chain_break_method': 'majority_vote', 'embedding_parameters': {}, 'chain_strength': 1.9959267202802318}, 'warnings': [{'type': <class 'dwave.system.warnings.ChainBreakWarning'>, 'message': 'Lowest-energy samples contain a broken chain', 'level': 40, 'data': {'target_variables': (1375, 1367, 1359, 1351, 1345, 1473), 'source_variables': [18], 'sample_index': 0}}, {'type': <class 'dwave.system.warnings.ChainBreakWarning'>, 'message': 'Lowest-energy samples contain a broken chain', 'level': 40, 'data': {'target_variables': (1375, 1367, 1359, 1351, 1345, 1473), 'source_variables': [18], 'sample_index': 1}}, {'type': <class 'dwave.system.warnings.ChainBreakWarning'>, 'message': 'Lowest-energy samples contain a broken chain', 'level': 40, 'data': {'target_variables': (1375, 1367, 1359, 1351, 1345, 1473), 'source_variables': [18], 'sample_index': 2}}, {'type': <class 'dwave.system.warnings.ChainBreakWarning'>, 'message': 'Lowest-energy samples contain a broken chain', 'level': 40, 'data': {'target_variables': (1375, 1367, 1359, 1351, 1345, 1473), 'source_variables': [18], 'sample_index': 3}}, {'type': <class 'dwave.system.warnings.ChainBreakWarning'>, 'message': 'Lowest-energy samples contain a broken chain', 'level': 40, 'data': {'target_variables': (1375, 1367, 1359, 1351, 1345, 1473), 'source_variables': [18], 'sample_index': 4}}, {'type': <class 'dwave.system.warnings.ChainBreakWarning'>, 'message': 'Lowest-energy samples contain a broken chain', 'level': 40, 'data': {'target_variables': (1375, 1367, 1359, 1351, 1345, 1473), 'source_variables': [18], 'sample_index': 5}}]} 
sampleset record: [[-1 -1  1  1  1  1  1  1 -1  1 -1 -1  1  1 -1  1  1 -1  1  1]
 [ 1  1 -1 -1 -1 -1 -1 -1  1 -1  1  1 -1 -1  1 -1 -1  1  1 -1]
 [-1 -1  1  1  1  1  1  1 -1  1 -1 -1  1  1 -1  1  1 -1  1  1]
 [-1 -1  1  1  1  1  1  1 -1  1 -1 -1  1  1 -1  1  1 -1  1  1]
 [ 1  1 -1 -1 -1 -1 -1 -1  1 -1  1  1 -1 -1  1 -1 -1  1 -1 -1]
 [ 1  1 -1 -1 -1 -1 -1 -1  1 -1  1  1 -1 -1  1 -1 -1  1 -1 -1]
 [-1  1  1  1 -1  1  1 -1 -1 -1  1 -1 -1 -1  1  1  1 -1 -1  1]
 [ 1 -1 -1  1  1 -1 -1  1  1  1 -1  1  1  1 -1 -1 -1  1  1 -1]
 [ 1  1 -1 -1  1 -1 -1  1  1  1  1  1 -1  1 -1 -1 -1  1  1 -1]
 [ 1  1 -1 -1 -1 -1 -1 -1  1 -1  1  1 -1 -1  1 -1 -1  1  1 -1]
 [-1  1  1  1 -1  1  1 -1 -1 -1  1 -1 -1 -1  1  1  1 -1 -1  1]
 [ 1 -1 -1  1  1 -1 -1  1  1  1 -1  1  1  1 -1 -1 -1  1  1 -1]
 [-1 -1  1  1  1  1  1  1 -1  1 -1 -1  1  1 -1 -1  1 -1  1  1]
 [ 1  1 -1 -1 -1 -1 -1 -1  1 -1  1  1 -1 -1  1  1 -1  1 -1 -1]
 [ 1  1 -1 -1 -1 -1 -1 -1  1 -1  1  1 -1 -1  1  1 -1  1  1 -1]
 [ 1  1 -1 -1 -1 -1 -1 -1  1 -1  1  1 -1 -1  1  1 -1  1 -1 -1]
 [-1 -1  1  1  1  1  1  1 -1  1 -1 -1  1  1 -1 -1  1 -1  1  1]
 [-1  1  1  1 -1  1  1 -1 -1 -1  1 -1 -1 -1  1  1  1 -1 -1  1]
 [ 1  1 -1 -1  1 -1 -1  1  1  1  1  1 -1  1 -1 -1 -1  1  1 -1]
 [ 1  1 -1 -1 -1 -1 -1 -1  1 -1  1  1 -1 -1  1 -1 -1  1 -1 -1]
 [-1  1  1  1  1  1  1  1 -1  1 -1 -1  1  1 -1  1  1 -1  1  1]
 [ 1  1 -1 -1 -1 -1 -1 -1  1 -1  1  1 -1 -1  1 -1 -1  1  1 -1]
 [ 1  1 -1 -1 -1 -1 -1 -1  1 -1  1  1 -1 -1  1 -1 -1  1 -1 -1]
 [ 1  1 -1 -1 -1 -1 -1 -1  1  1  1  1 -1 -1  1 -1 -1  1  1 -1]
 [ 1 -1 -1  1  1 -1 -1  1  1  1 -1  1  1  1 -1 -1 -1  1  1 -1]
 [-1  1  1  1 -1  1  1 -1  1 -1  1 -1 -1 -1  1  1  1 -1 -1  1]
 [-1 -1  1  1  1  1  1  1 -1  1 -1 -1  1  1 -1 -1  1 -1  1  1]
 [-1 -1  1  1  1  1  1  1 -1  1 -1 -1  1  1 -1 -1  1 -1  1  1]
 [ 1  1 -1 -1 -1 -1  1 -1  1 -1  1 -1 -1 -1  1  1  1 -1 -1 -1]
 [-1 -1  1  1  1  1 -1  1 -1  1 -1  1  1  1 -1 -1 -1  1  1  1]
 [-1  1  1  1 -1  1  1 -1 -1 -1  1 -1 -1 -1  1  1  1 -1  1  1]
 [-1  1  1  1 -1  1  1 -1 -1 -1  1 -1 -1 -1  1  1  1 -1  1  1]
 [ 1 -1 -1  1  1 -1 -1  1  1  1 -1  1  1  1 -1 -1 -1  1 -1 -1]
 [-1  1  1  1 -1  1  1 -1 -1 -1  1 -1 -1 -1  1  1  1 -1  1  1]
 [ 1  1 -1 -1 -1 -1  1 -1  1 -1  1 -1 -1 -1  1  1 -1  1 -1 -1]
 [ 1  1 -1 -1 -1 -1  1 -1  1 -1  1 -1 -1 -1  1  1  1 -1 -1 -1]
 [-1 -1  1  1  1  1 -1  1 -1  1 -1  1  1  1 -1 -1 -1  1  1  1]
 [-1 -1  1  1  1  1  1  1 -1  1 -1 -1  1  1 -1  1  1 -1  1  1]
 [ 1 -1 -1  1  1 -1 -1  1  1 -1 -1  1  1  1 -1 -1 -1  1 -1 -1]
 [-1  1  1  1 -1  1  1 -1 -1  1  1 -1 -1 -1  1  1  1 -1  1  1]
 [-1  1  1  1 -1  1  1 -1 -1  1  1 -1 -1 -1  1  1  1 -1  1  1]
 [ 1 -1 -1  1  1 -1 -1  1  1 -1 -1  1  1  1 -1 -1 -1  1  1 -1]
 [ 1 -1 -1  1  1 -1 -1  1  1 -1 -1  1  1  1 -1 -1 -1  1 -1 -1]
 [-1  1  1  1 -1  1  1 -1 -1  1  1 -1 -1 -1  1  1  1 -1  1  1]
 [-1 -1  1  1  1  1 -1  1 -1  1 -1  1  1  1 -1 -1  1  1  1  1]
 [ 1  1 -1 -1 -1 -1 -1 -1  1 -1  1  1 -1 -1  1 -1 -1  1 -1 -1]
 [ 1  1 -1 -1 -1 -1  1 -1  1 -1  1 -1 -1 -1  1 -1  1 -1 -1 -1]
 [ 1 -1 -1  1  1 -1 -1  1  1  1 -1  1  1  1  1 -1 -1  1  1 -1]
 [ 1 -1 -1  1  1 -1 -1  1  1 -1 -1  1  1  1 -1 -1 -1  1  1 -1]
 [ 1 -1 -1 -1 -1 -1 -1 -1  1 -1  1 -1 -1 -1  1 -1  1  1 -1 -1]] 
sampleset energy: [-28.76 -29.78 -28.76 -28.76 -28.76 -28.76 -27.02 -26.86 -28.5  -29.78
 -27.02 -26.86 -27.44 -27.44 -27.42 -27.44 -27.44 -27.02 -28.5  -28.76
 -26.26 -29.78 -28.76 -29.22 -26.86 -23.7  -27.44 -27.44 -28.88 -28.88
 -22.76 -22.76 -21.12 -22.76 -28.5  -28.88 -28.88 -28.76 -18.36 -22.36
 -22.36 -20.14 -18.36 -22.36 -28.18 -28.76 -26.28 -22.44 -20.14 -24.58] 
Chain strength: 1.9959267202802318, Ground state probability: 0.015
Ground state is: Sample(sample={0: 1, 1: 1, 2: -1, 3: -1, 4: -1, 5: -1, 6: -1, 7: -1, 8: 1, 9: -1, 10: 1, 11: 1, 12: -1, 13: -1, 14: 1, 15: -1, 16: -1, 17: 1, 18: 1, 19: -1}, energy=-29.780000000000012, num_occurrences=1, chain_break_fraction=0.0), Ground state energy: -29.780000000000012
