------annealing = 2000, numread = 400
sampleset info: {'timing': {'qpu_sampling_time': 947984.0, 'qpu_anneal_time_per_sample': 2000.0, 'qpu_readout_time_per_sample': 349.42, 'qpu_access_time': 958926.51, 'qpu_access_overhead_time': 2324.49, 'qpu_programming_time': 10942.51, 'qpu_delay_time_per_sample': 20.54, 'post_processing_overhead_time': 698.0, 'total_post_processing_time': 698.0}, 'problem_id': 'c632e9c7-f756-42b1-992a-880c90c2ffb0', 'embedding_context': {'embedding': {1: (1487, 1503, 1361, 1489, 1495), 0: (1237, 1245, 1499, 1371, 1243), 2: (1238, 1246, 1496, 1240, 1368), 3: (1347, 1351, 1375, 1367, 1359), 4: (1348, 1372, 1364, 1356), 5: (1354, 1482, 1500, 1492, 1484), 6: (1236, 1244, 1498, 1370, 1242), 7: (1481, 1485, 1501, 1353, 1493), 8: (1486, 1494, 1369, 1497, 1502), 9: (1616, 1488, 1360, 1621, 1232), 10: (1233, 1483, 1239, 1231, 1227, 1355), 11: (1619, 1235, 1363, 1491), 12: (1344, 1350, 1374, 1366, 1358), 13: (1622, 1234, 1618, 1362, 1490), 14: (1373, 1365, 1352, 1357)}, 'chain_break_method': 'majority_vote', 'embedding_parameters': {}, 'chain_strength': 2.6936249017097964}, 'warnings': []} 
sampleset record: [[ 1  1  1 ...  1  1  1]
 [-1 -1 -1 ... -1 -1 -1]
 [ 1  1  1 ...  1  1  1]
 ...
 [-1 -1 -1 ... -1  1 -1]
 [-1  1 -1 ... -1  1 -1]
 [ 1  1 -1 ...  1 -1 -1]] 
sampleset energy: [-18.7  -18.7  -18.32 -18.32 -18.1  -18.1  -18.04 -17.88 -17.88 -17.84
 -17.84 -17.72 -17.72 -17.54 -17.54 -17.48 -17.48 -17.48 -17.48 -17.4
 -17.4  -17.34 -17.34 -17.3  -17.22 -16.98 -16.98 -16.88 -16.8  -16.74
 -16.74 -16.64 -16.64 -16.52 -16.52 -16.46 -16.46 -16.46 -16.28 -16.
 -15.96 -15.9  -15.9  -15.88 -15.8  -15.8  -15.8  -15.72 -15.72 -15.7
 -15.7  -15.64 -15.62 -15.58 -15.58 -15.46 -15.46 -15.32 -15.22 -15.16
 -15.12 -15.06 -15.06 -15.04 -15.   -15.   -14.94 -14.94 -14.82 -14.82
 -14.7  -14.62 -14.62 -14.62 -14.6  -14.54 -14.32 -14.06 -14.   -14.
 -13.98 -13.98 -13.82 -13.78 -13.56 -13.66 -13.56 -13.56 -13.5  -13.4
 -13.36 -13.34 -13.18 -13.3  -13.24 -13.08 -13.04 -13.04 -12.92 -12.92
 -12.64 -12.52 -12.48 -12.28 -17.72 -11.96 -11.96 -16.98 -11.48 -10.96
 -10.78 -10.52  -9.48  -8.04] 
Chain strength: 2.6936249017097964, Ground state probability: 0.035
Ground state is: Sample(sample={0: 1, 1: 1, 2: 1, 3: -1, 4: -1, 5: 1, 6: 1, 7: 1, 8: -1, 9: -1, 10: 1, 11: -1, 12: 1, 13: 1, 14: 1}, energy=-18.700000000000006, num_occurrences=7, chain_break_fraction=0.0), Ground state energy: -18.700000000000006
------annealing = 2000, numread = 400
sampleset info: {'timing': {'qpu_sampling_time': 947984.0, 'qpu_anneal_time_per_sample': 2000.0, 'qpu_readout_time_per_sample': 349.42, 'qpu_access_time': 958936.71, 'qpu_access_overhead_time': 2124.29, 'qpu_programming_time': 10952.71, 'qpu_delay_time_per_sample': 20.54, 'post_processing_overhead_time': 1785.0, 'total_post_processing_time': 1785.0}, 'problem_id': 'bff099bb-5cdf-462e-842d-cc2e6e159efc', 'embedding_context': {'embedding': {1: (335, 359, 351, 343), 0: (336, 464, 485, 477, 469), 2: (228, 220, 473, 345, 217), 3: (227, 356, 483, 355), 4: (614, 610, 226, 354, 482), 5: (612, 608, 224, 352, 480), 6: (609, 225, 353, 481), 7: (329, 486, 478, 470, 462, 457), 8: (466, 231, 223, 338, 210, 215), 9: (472, 344, 230, 222, 216), 10: (221, 213, 229, 467, 339, 211), 11: (330, 333, 357, 349, 341), 12: (487, 471, 347, 475, 479), 13: (474, 346, 342, 358, 350), 14: (337, 484, 476, 468, 465)}, 'chain_break_method': 'majority_vote', 'embedding_parameters': {}, 'chain_strength': 2.6936249017097964}, 'warnings': []} 
sampleset record: [[-1 -1 -1 ... -1 -1 -1]
 [ 1  1  1 ...  1  1  1]
 [-1 -1 -1 ... -1 -1 -1]
 ...
 [-1  1  1 ... -1  1  1]
 [ 1 -1 -1 ... -1 -1  1]
 [-1 -1 -1 ...  1 -1  1]] 
sampleset energy: [-18.7  -18.7  -18.32 -18.32 -18.1  -18.1  -18.04 -18.04 -17.88 -17.84
 -17.84 -17.72 -17.54 -17.48 -17.48 -18.7  -17.4  -17.4  -17.34 -17.34
 -17.3  -17.22 -17.22 -16.98 -16.88 -16.88 -16.88 -16.88 -16.86 -16.8
 -16.8  -16.88 -16.52 -16.46 -16.28 -16.   -15.96 -15.88 -15.88 -15.8
 -15.72 -15.64 -15.62 -15.3  -15.3  -15.12 -15.06 -15.06 -15.04 -15.
 -14.96 -14.94 -14.94 -14.86 -17.3  -14.7  -14.66 -14.58 -14.42 -14.36
 -14.36 -17.84 -18.7  -14.1  -17.54 -13.76 -15.3  -13.64 -13.56 -18.32
 -16.98 -13.34 -13.1  -12.6  -12.54 -11.84 -10.98] 
Chain strength: 2.6936249017097964, Ground state probability: 0.3225
Ground state is: Sample(sample={0: -1, 1: -1, 2: -1, 3: 1, 4: 1, 5: -1, 6: -1, 7: -1, 8: 1, 9: 1, 10: -1, 11: 1, 12: -1, 13: -1, 14: -1}, energy=-18.700000000000006, num_occurrences=106, chain_break_fraction=0.0), Ground state energy: -18.700000000000006
