----Annealing time = 1000-------

sampleset info: {'timing': {'qpu_sampling_time': 684980.0, 'qpu_anneal_time_per_sample': 1000.0, 'qpu_readout_time_per_sample': 349.42, 'qpu_access_time': 696236.12, 'qpu_access_overhead_time': 2692.88, 'qpu_programming_time': 11256.12, 'qpu_delay_time_per_sample': 20.54, 'post_processing_overhead_time': 3144.0, 'total_post_processing_time': 3144.0}, 'problem_id': '3573d2d3-7fce-4a8b-862a-8a4f519f2c91'}
sampleset record: [[ 1  1 -1 ... -1 -1  1]
 [-1  1 -1 ... -1 -1  1]
 [ 1  1 -1 ... -1 -1  1]
 ...
 [-1  1 -1 ...  1 -1 -1]
 [-1  1 -1 ...  1 -1 -1]
 [ 1  1 -1 ...  1 -1 -1]]
sampleset energy: [-117.68 -117.68 -109.9  -117.68 -102.1  -102.1  -102.1  -109.9  -102.1
 -102.1  -109.9  -101.76 -101.76 -101.76 -101.76 -101.76 -101.76 -102.1
 -102.1  -102.1  -101.76 -101.76 -101.76 -101.76 -101.76 -101.76 -101.76
 -102.1  -102.1   -99.5  -101.76 -101.76 -101.76 -106.54 -106.54 -102.1
 -102.1  -102.1  -105.4  -101.76 -101.76 -111.32 -101.76 -101.76 -109.9
  -99.82  -99.82 -102.1   -99.52  -99.82 -101.76 -117.68 -101.76 -101.76
 -101.76 -101.76 -101.76 -110.46 -101.76  -99.52 -101.76 -101.76 -101.76
 -101.76  -99.5  -111.32 -100.56 -100.56 -113.24  -99.5  -101.76 -101.76
 -102.32 -102.32 -102.1  -101.76 -101.76 -101.76 -104.96  -99.5   -99.5
 -102.1  -102.1  -102.1  -102.1  -101.76 -101.76 -101.76  -92.78 -101.76
  -92.78 -102.1  -101.76 -102.1   -99.82  -99.82 -103.38  -99.82 -103.38
 -101.76 -102.1   -95.9   -95.9  -101.76 -100.56  -98.48 -108.1   -99.5
 -103.38  -96.86 -111.4   -99.22 -104.14  -99.82 -101.76  -99.22 -102.4
 -102.1  -101.76 -101.76  -99.22 -101.76 -102.1   -95.04  -98.48 -102.1
  -99.22 -102.32 -102.1  -107.72 -101.76 -101.76 -101.76  -99.52  -98.64
 -101.76 -104.58  -99.22 -102.32  -98.26  -99.52 -102.54  -99.22  -95.04
 -101.76 -101.76 -101.76  -99.52 -101.76 -102.1  -106.54 -101.76 -101.76
 -101.76  -98.48  -98.64  -95.9  -105.4   -95.04 -101.76 -101.76 -101.76
 -111.32  -95.9  -100.56 -101.76 -104.96  -92.3  -101.76 -101.76 -100.74
 -101.76 -101.76 -101.76 -101.76 -101.76  -98.18 -109.94  -90.98 -101.7
  -81.86 -100.56  -90.48 -105.74 -100.56 -101.76 -101.76 -101.76 -100.56
  -98.48 -101.76 -101.76  -93.64 -101.76  -99.5   -99.5  -101.76 -101.76
  -91.62  -96.5   -97.56 -111.4   -83.84 -102.1   -98.64 -102.1  -103.68
 -106.36 -102.1   -85.08 -101.76 -102.1   -98.48 -101.76 -101.76  -89.88
  -99.22 -101.76 -100.88 -106.36 -100.4   -98.78  -99.22 -101.76  -99.62
  -99.62  -99.16 -109.56 -103.38 -101.76 -106.36  -95.5   -98.48 -101.2
 -104.96  -86.3   -87.46  -99.22 -107.34  -83.56  -98.64 -106.56  -99.22
  -93.6  -101.76 -101.76  -84.84  -86.02  -94.34  -99.18 -103.94 -102.1
 -101.76 -109.9  -102.5  -103.38 -106.36  -89.18  -92.56 -106.36 -102.1
  -99.22  -92.6   -95.9   -79.92 -102.32  -91.64 -101.76  -84.4   -92.88
  -90.66 -101.76  -88.14 -102.54  -93.3  -111.34  -96.86 -101.76  -98.48
  -90.48  -81.9   -98.48  -72.08  -92.42  -89.88  -90.98  -89.68  -89.24
 -101.76  -99.22  -98.34 -108.2   -81.38  -84.98  -83.26  -76.78 -101.76
 -109.56  -75.82  -96.62  -90.42  -91.22 -111.22  -75.82  -87.12  -75.82
 -114.04  -88.76  -76.08  -76.08  -83.88  -92.72  -76.08  -76.08  -91.8
  -94.14  -96.16  -76.08  -99.06  -93.34  -91.78  -75.82  -75.82  -75.82
  -75.82  -81.34  -87.48  -75.82  -83.22  -76.08  -84.4   -83.44  -76.08
  -99.68  -80.14  -76.08  -81.72  -75.82  -84.32  -75.82  -76.08  -75.82
  -75.18  -76.08  -75.82  -75.82  -94.34  -76.08  -75.82  -75.82  -82.22
  -75.82  -99.82  -72.58  -75.82  -75.82  -76.08  -76.08  -76.08  -83.56
  -83.56  -75.82  -75.82  -81.38  -75.82 -104.9  -104.24  -75.82  -75.82
  -83.1   -81.9   -80.44  -75.82  -75.82  -71.28  -82.34  -83.56  -75.82
  -94.84 -100.    -76.08  -82.34  -75.82  -75.82  -83.88  -75.82  -90.3
  -75.82  -75.82  -79.58  -82.48  -75.82  -75.82  -89.46  -88.68  -83.52
  -91.16  -76.08  -76.08  -89.32  -75.82  -75.82  -89.88  -76.08  -75.18
  -81.34  -76.08  -84.6   -75.82  -78.26  -79.5   -83.56  -75.82  -85.18
 -105.14  -77.72  -90.06  -75.82  -84.32  -81.34  -87.72  -77.72  -75.82
  -83.88  -75.82  -74.    -82.34  -74.04  -72.3   -72.3   -94.68  -72.04
  -75.82  -75.82  -85.18  -81.34  -75.82  -64.84  -76.08  -75.82  -83.56
  -80.92  -77.82  -75.82  -69.7   -72.3   -75.82  -75.82  -93.52  -75.82
  -76.08  -75.82  -77.82  -76.08  -77.72  -75.82  -85.62  -81.04  -81.68
  -61.04  -71.28]
Chain strength: 2.617475529062971, Ground state probability: 0.008
Ground state is: Sample(sample={0: 1, 1: 1, 2: -1, 3: 1, 4: 1, 5: -1, 6: -1, 7: 1, 8: -1, 9: 1, 10: 1, 11: -1, 12: 1, 13: -1, 14: -1, 15: 1, 16: -1, 17: 1, 18: 1, 19: -1, 20: -1, 21: -1, 22: 1, 23: -1, 24: -1, 25: -1, 26: 1, 27: -1, 28: 1, 29: -1, 30: 1, 31: 1, 32: 1, 33: 1, 34: 1, 35: 1, 36: -1, 37: -1, 38: -1, 39: 1, 40: 1, 41: -1, 42: -1, 43: -1, 44: -1, 45: 1}, energy=-117.6799999999998, num_occurrences=1, chain_break_fraction=0.08695652173913043), Ground state energy: -117.6799999999998
sampleset info: {'timing': {'qpu_sampling_time': 684980.0, 'qpu_anneal_time_per_sample': 1000.0, 'qpu_readout_time_per_sample': 349.42, 'qpu_access_time': 696299.91, 'qpu_access_overhead_time': 3285.09, 'qpu_programming_time': 11319.91, 'qpu_delay_time_per_sample': 20.54, 'post_processing_overhead_time': 1237.0, 'total_post_processing_time': 1237.0}, 'problem_id': 'd5606ef5-31a3-4465-bc8c-70d3c387d0b1'}
sampleset record: [[ 1 -1 -1 ... -1  1  1]
 [-1  1  1 ...  1 -1 -1]
 [ 1  1  1 ... -1 -1  1]
 ...
 [ 1  1  1 ... -1 -1  1]
 [-1  1  1 ... -1  1  1]
 [-1 -1  1 ... -1 -1  1]]
sampleset energy: [-118.46 -118.46 -110.06 -118.46 -107.26 -115.24 -109.66 -107.92 -107.52
 -118.46 -118.46 -115.24 -113.08 -118.46 -118.46 -107.1   -99.18 -109.66
 -109.66  -97.68  -97.68 -111.22 -111.22 -109.9   -97.68  -97.68  -97.68
  -97.68  -97.68  -97.68  -97.68 -118.46  -97.68 -118.46 -113.08 -100.8
 -100.8   -97.68  -97.68  -97.68  -97.68  -97.68 -107.26 -118.46 -118.46
 -103.18  -97.68  -97.68  -97.68  -97.68  -97.68  -98.56 -115.24 -115.24
  -97.68  -97.68  -98.38  -97.68  -97.68 -109.76  -90.8   -96.18  -98.56
  -98.38  -99.74 -111.22  -97.68  -97.68  -97.68  -98.56  -98.56  -97.68
  -97.68 -107.96  -99.74  -90.8  -100.8   -96.18  -97.68 -108.82 -109.9
  -90.8   -96.18 -110.06  -97.68  -97.68  -97.68 -100.8   -97.68 -110.06
 -107.12  -98.56  -97.68  -97.68  -97.68  -88.26  -97.68 -113.24  -97.68
  -95.5   -88.46  -93.76 -100.8   -97.68 -100.8   -97.68 -118.46  -97.68
  -98.32 -109.66 -107.52 -112.38 -118.46 -105.24  -99.54  -96.34  -97.68
  -99.2   -98.92  -97.68  -90.8   -95.5  -104.24  -94.86  -97.68  -97.68
  -97.68  -97.68 -105.3   -97.68 -100.8   -98.38  -97.68  -97.68  -94.86
  -97.68  -97.68  -91.9   -95.32  -97.5   -97.68  -90.98 -101.04  -98.56
 -105.3   -98.56 -109.66  -94.96  -97.68  -98.38 -105.04  -98.56  -97.44
  -97.68  -97.68  -98.38  -81.2   -90.8   -90.8   -81.2   -99.38 -107.52
 -107.52  -95.7  -115.24  -98.56 -101.42  -90.8   -86.4   -86.4   -81.2
  -90.8   -97.68  -94.86  -90.8   -90.98  -93.76 -108.82 -102.28  -90.8
  -81.2   -81.2   -81.2   -81.2   -95.5  -108.82  -90.8   -81.2   -97.68
  -86.4   -86.4   -81.2   -86.4   -81.2  -109.66  -90.8   -81.2   -99.74
  -98.38  -97.68  -81.2   -81.2  -101.76  -93.76  -81.2   -97.68  -90.8
  -81.2   -81.2   -81.2   -81.2   -81.2  -103.3   -81.2   -81.2   -98.86
  -97.68  -90.76  -97.68 -103.42  -86.4   -97.68  -91.7   -82.32  -81.2
  -86.4   -97.68  -90.8   -90.1  -100.8  -108.82  -81.2   -81.2   -86.4
  -81.86  -97.68 -106.94  -90.58  -96.2   -93.76  -99.5   -95.52  -86.4
  -81.2   -89.02  -85.56  -81.2   -87.42  -93.76  -98.56 -118.46  -95.02
  -86.4   -86.4   -93.76  -82.34  -97.68  -81.2   -86.4   -90.58  -86.4
  -86.4  -118.46  -97.68  -83.1   -99.48 -111.22  -86.4   -81.2   -81.2
  -90.8   -85.42  -97.68  -81.2   -82.34  -93.76  -91.7   -81.2   -98.56
  -81.2   -77.1   -90.8   -90.8   -82.34 -107.92  -98.84  -90.8   -82.86
  -82.34  -86.4   -97.68  -90.8   -86.48  -81.2   -81.2  -102.22  -81.2
  -97.68  -90.58  -90.7   -93.62  -88.26 -106.14  -97.68  -86.4   -81.2
 -104.24  -86.4   -97.68  -81.2   -86.4   -97.68  -89.02  -86.4   -98.38
  -81.2   -97.68  -86.4   -86.4   -90.8   -83.78  -95.2   -82.34  -88.06
  -89.28  -81.2   -97.68  -90.58  -88.7   -91.7   -81.2   -98.22  -97.68
  -91.7   -96.18  -97.68  -81.2   -95.28  -86.4   -81.2   -96.18 -103.36
  -81.2   -81.2   -81.2   -99.74  -86.4   -86.4  -101.8   -92.74  -81.2
  -95.94 -100.8  -110.06  -86.4   -81.2   -81.2   -99.68  -90.58  -85.08
  -81.2   -86.4   -90.58  -98.38  -86.48  -89.02  -86.4   -86.4   -96.38
 -106.34  -96.18  -98.38  -97.68 -100.8   -99.38  -86.4   -97.68 -113.24
  -86.4  -108.82 -104.24  -86.4   -97.68  -94.62  -77.24  -88.52  -93.76
  -82.34  -81.2   -96.38  -86.4   -86.4   -98.18  -81.2   -96.3   -89.42
  -81.2  -104.62  -88.02  -99.3   -85.42  -89.08  -97.68  -81.2   -96.18
  -97.68  -98.14  -88.46  -82.34  -99.6  -103.82  -97.04  -81.2   -82.34
  -97.68  -84.32  -78.32  -88.44 -104.42  -77.88 -107.52  -81.2   -81.2
  -98.44  -98.56  -86.4   -76.7   -84.36  -99.74  -86.4   -93.76  -85.82
  -90.58  -99.54  -76.34  -82.34  -87.42  -89.72  -93.02  -91.7   -90.8
  -91.92  -92.84  -97.5   -96.52  -97.68  -98.38  -79.6  -104.24  -97.28
  -81.16  -90.76  -81.2   -86.4   -82.34  -89.02  -98.38  -99.4   -81.2
  -97.68  -82.34  -87.42 -102.62  -82.34  -84.36  -86.4   -83.78  -94.56
  -87.44  -96.18  -80.16  -96.18  -81.2   -90.58  -92.68 -101.52]
Chain strength: 2.617475529062971, Ground state probability: 0.03
Ground state is: Sample(sample={0: 1, 1: -1, 2: -1, 3: 1, 4: -1, 5: -1, 6: -1, 7: -1, 8: 1, 9: 1, 10: 1, 11: -1, 12: 1, 13: -1, 14: -1, 15: 1, 16: -1, 17: 1, 18: -1, 19: -1, 20: 1, 21: -1, 22: -1, 23: -1, 24: 1, 25: 1, 26: -1, 27: 1, 28: -1, 29: -1, 30: -1, 31: -1, 32: 1, 33: -1, 34: 1, 35: 1, 36: -1, 37: -1, 38: -1, 39: -1, 40: 1, 41: -1, 42: -1, 43: -1, 44: 1, 45: 1}, energy=-118.45999999999988, num_occurrences=1, chain_break_fraction=0.17391304347826086), Ground state energy: -118.45999999999988
sampleset info: {'timing': {'qpu_sampling_time': 684980.0, 'qpu_anneal_time_per_sample': 1000.0, 'qpu_readout_time_per_sample': 349.42, 'qpu_access_time': 696243.92, 'qpu_access_overhead_time': 3021.08, 'qpu_programming_time': 11263.92, 'qpu_delay_time_per_sample': 20.54, 'post_processing_overhead_time': 1295.0, 'total_post_processing_time': 1295.0}, 'problem_id': '748b26cf-f585-4a85-b026-203e99a7902c'}
sampleset record: [[ 1  1  1 ...  1 -1 -1]
 [-1  1 -1 ...  1 -1 -1]
 [-1  1  1 ...  1 -1 -1]
 ...
 [-1  1 -1 ...  1 -1 -1]
 [ 1 -1 -1 ...  1  1 -1]
 [ 1  1 -1 ...  1 -1 -1]]
sampleset energy: [-113.06 -109.9  -111.18 -111.04 -111.18 -112.44 -111.04 -111.04 -111.04
 -109.9   -95.04 -111.18 -113.06 -114.96 -113.06  -98.5  -104.88 -104.88
 -103.18 -113.06 -111.18 -104.88 -117.68  -90.48  -90.48 -111.04 -104.88
 -111.04 -100.8  -117.68 -102.66  -92.5   -92.5   -90.48  -92.5   -92.5
 -112.44  -99.74 -117.68  -92.5   -92.5  -109.56 -105.5   -88.4  -107.32
 -110.9  -110.06 -110.06 -101.54  -97.6   -92.5   -92.5  -103.24  -98.5
 -107.82 -105.74  -92.5  -110.92  -92.5   -92.5  -113.62 -111.72 -113.06
 -111.44 -107.04  -92.5   -92.5  -103.74  -92.04  -92.04  -92.5   -92.5
 -108.66  -91.82 -113.06  -92.5  -112.44  -96.52  -99.74 -105.78 -100.8
 -112.98  -92.5  -117.68 -107.82  -92.34  -97.12  -96.44 -100.66  -96.68
  -92.5   -92.5   -92.5  -105.36  -91.7  -101.54  -99.74 -106.36 -100.66
 -105.48 -100.66 -105.56  -92.5  -113.06 -101.54 -100.66 -101.24  -89.06
  -95.98  -95.16  -95.16 -106.28 -110.06  -92.5   -92.5   -95.16 -105.48
 -110.06 -117.68  -95.16  -95.16 -112.98  -95.98  -95.16 -110.06 -110.06
  -95.16 -101.94  -95.98  -95.98  -97.12  -95.16 -113.54  -95.16  -93.44
  -95.98  -95.16  -92.04 -115.78  -90.56  -90.74  -95.16  -95.16  -95.98
  -95.16  -95.16  -95.16  -95.16  -95.16 -107.32  -92.5   -92.5   -95.16
  -95.16 -101.54  -95.98 -113.06 -102.04  -95.16  -95.16  -98.58  -95.16
  -92.5  -105.48 -102.16 -102.04 -117.68  -98.64 -102.04  -96.68  -95.16
  -95.16  -99.74 -102.04 -104.88 -100.66  -95.16  -95.16 -114.06  -95.16
  -90.48  -95.16  -95.16 -105.48  -85.16  -95.98  -95.16  -95.16  -95.16
  -95.16 -107.32  -95.16  -95.16  -95.16  -85.82  -92.5   -95.16  -92.5
 -105.2   -95.16  -95.16  -95.16 -117.68 -102.16  -95.98  -94.96  -88.52
 -112.98  -95.16  -95.16  -95.16  -95.16 -104.88  -92.5   -95.98  -87.28
  -95.16  -92.5  -100.66  -93.38  -95.16  -95.16 -102.04 -100.66  -92.5
  -92.5   -92.78 -102.04  -89.06 -109.9  -102.04 -102.04  -95.16 -100.66
  -95.16 -105.48  -95.98  -88.4  -110.06  -95.16  -92.5  -105.48 -100.66
  -92.5   -95.16  -95.16 -107.06  -95.16 -111.74  -88.4  -110.34  -95.16
 -113.24 -102.4   -88.1  -111.44 -110.06 -111.44  -95.16 -105.06  -92.5
 -102.58  -92.5   -88.1   -95.16  -95.16  -88.1   -95.16  -92.5   -83.6
  -95.16 -100.8   -84.26 -101.54 -117.68  -90.96  -90.48  -95.16 -104.88
 -102.04 -102.04 -106.36 -101.74 -102.04 -106.2  -116.8  -102.04  -95.16
  -99.94 -113.06  -95.12 -102.44  -90.82  -83.48  -95.16  -86.92  -92.92
 -104.5   -95.98 -105.78  -96.16  -97.12  -95.16  -86.04 -105.48  -95.16
  -89.5  -105.48  -95.98 -110.06  -95.16  -95.16  -95.64  -96.02  -88.12
  -92.34  -95.58  -89.54  -91.24  -87.36 -102.04  -84.76 -108.04  -77.92
 -108.4  -105.6  -100.66 -102.86 -105.48 -102.04 -102.04  -95.16 -102.04
  -95.16 -101.74  -95.16  -98.02 -100.8  -105.48  -95.16 -100.6   -95.98
  -95.16  -92.94 -108.6  -100.2   -95.98 -102.8  -104.88 -111.44  -90.48
  -95.16 -108.48 -102.04 -100.04  -76.3   -92.48 -102.86  -94.62  -91.24
  -95.16  -95.16  -97.2   -95.16 -106.36  -89.96  -79.26 -105.64  -94.42
  -95.16  -91.02  -78.74 -111.44  -87.88 -107.1   -83.48 -117.68  -85.66
 -105.1   -97.78  -95.16  -92.94  -94.66  -82.12  -92.5   -99.88  -95.46
  -95.98  -99.38  -90.48  -93.44  -95.16  -89.54 -112.46 -106.56  -99.98
 -100.14 -104.3  -110.06 -103.02  -98.18  -92.5   -99.28 -108.08 -103.98
  -93.3   -96.36 -100.98  -97.04  -81.08 -100.66 -101.54 -105.3   -86.14
 -105.06 -105.06 -105.48 -115.78  -76.3   -89.24 -102.86  -59.4  -109.9
  -91.24  -94.3   -75.4  -106.82  -73.92 -106.82  -94.32 -104.5  -101.74
  -96.52  -90.66  -98.64 -100.72  -85.82  -89.52 -101.54  -96.72  -59.4
  -63.58  -97.32 -103.1   -97.9   -93.72  -96.94 -102.86  -88.48  -98.8
  -95.4   -94.28 -102.04  -79.26  -58.7   -54.9   -83.66  -62.68]
Chain strength: 2.617475529062971, Ground state probability: 0.022
Ground state is: Sample(sample={0: 1, 1: -1, 2: 1, 3: -1, 4: -1, 5: 1, 6: 1, 7: -1, 8: 1, 9: -1, 10: -1, 11: 1, 12: -1, 13: 1, 14: 1, 15: -1, 16: 1, 17: -1, 18: -1, 19: 1, 20: 1, 21: 1, 22: -1, 23: 1, 24: 1, 25: 1, 26: -1, 27: 1, 28: -1, 29: 1, 30: -1, 31: -1, 32: -1, 33: -1, 34: -1, 35: -1, 36: 1, 37: 1, 38: 1, 39: -1, 40: -1, 41: 1, 42: 1, 43: 1, 44: 1, 45: -1}, energy=-117.6799999999998, num_occurrences=1, chain_break_fraction=0.08695652173913043), Ground state energy: -117.6799999999998

---------Annealing time = 1500--------------------
sampleset info: {'timing': {'qpu_sampling_time': 934980.0, 'qpu_anneal_time_per_sample': 1500.0, 'qpu_readout_time_per_sample': 349.42, 'qpu_access_time': 946248.12, 'qpu_access_overhead_time': 3941.88, 'qpu_programming_time': 11268.12, 'qpu_delay_time_per_sample': 20.54, 'post_processing_overhead_time': 4768.0, 'total_post_processing_time': 4768.0}, 'problem_id': 'c27dc0ef-f642-483b-b2a5-862dd68e7454'}
sampleset record: [[-1  1 -1 ... -1 -1  1]
 [ 1  1 -1 ... -1 -1  1]
 [ 1  1 -1 ... -1 -1  1]
 ...
 [ 1  1 -1 ... -1 -1  1]
 [-1 -1 -1 ...  1 -1  1]
 [ 1 -1 -1 ...  1 -1  1]]
sampleset energy: [-113.68 -113.68 -118.38 -113.68  -98.08 -104.38  -98.08  -98.12  -98.12
  -98.12 -110.82 -110.82  -98.12 -112.08  -98.3   -98.12  -98.12  -98.12
  -98.12  -98.3   -98.3   -98.12  -98.12  -98.12 -113.68 -113.68  -98.3
  -98.3  -107.68 -107.68  -99.18 -108.06 -118.38 -104.38 -113.68 -117.68
  -98.12  -95.6   -95.6   -98.12  -98.12  -98.3   -98.3  -118.38  -99.18
  -99.18 -104.62  -98.12  -99.18  -95.6   -95.6   -98.12  -98.12  -98.3
  -98.12  -98.12 -107.68  -98.3  -109.3  -112.8  -113.68  -98.3  -112.08
  -95.6  -104.36 -100.44  -99.18  -95.6  -107.74  -99.18  -99.18  -98.12
 -118.38  -98.3  -108.06  -92.98  -92.98 -113.18  -92.98  -92.98  -92.98
 -103.52  -94.36  -94.36  -95.24  -95.24  -92.98  -92.98  -92.98  -94.36
  -95.6   -92.98  -95.24  -95.24 -104.38  -95.6   -92.98 -101.9   -94.36
  -94.36 -109.3   -92.98  -92.98  -95.6  -106.84 -104.38  -98.3   -98.12
  -98.12  -98.3   -98.3   -98.12  -98.12  -94.36 -110.82  -98.3   -95.24
  -98.3   -98.12 -118.38  -95.24  -98.12  -92.98  -95.24  -95.24  -98.12
  -95.82 -100.74  -92.86  -92.86  -98.3   -92.98  -94.36 -103.52  -92.98
  -94.36 -118.38  -94.36  -92.98  -98.3   -98.12 -107.68  -92.98  -95.24
  -95.24  -98.12 -108.06  -92.98  -95.24  -92.86  -92.86  -98.3  -108.38
  -98.12  -98.12 -107.68  -98.12  -91.68  -94.36 -106.12  -98.3  -107.68
  -98.3   -98.3  -103.52 -103.52  -98.3   -99.18  -98.12  -94.36  -92.86
 -106.08  -95.24  -92.86  -98.12  -98.08  -95.6   -98.3   -98.12 -101.04
  -98.12  -98.3  -100.44 -108.38  -98.3  -107.3   -92.98 -106.84  -92.98
  -98.12  -98.12  -98.3   -95.24  -98.3  -109.3  -113.18  -95.84  -90.16
  -98.12  -95.24 -109.3  -112.08  -94.36  -94.36 -100.74 -112.46 -106.18
  -95.24  -95.24 -104.24  -92.98  -95.6   -92.98 -107.68  -97.02  -95.24
  -94.36  -92.98 -107.74  -92.98  -94.36  -94.36  -92.98 -105.84  -94.36
  -98.12 -100.74 -118.38 -102.08  -95.6  -109.78  -93.2   -90.16  -92.26
  -99.18  -99.18  -98.3   -94.98  -98.12  -92.98 -108.6   -97.96  -90.16
  -92.98 -108.78 -100.66  -92.98  -94.36  -99.18  -95.24  -97.12  -92.86
  -92.98  -87.5   -90.16 -118.38 -118.38  -92.98  -92.98 -114.12  -95.24
  -94.36  -98.12 -100.48  -87.7   -95.24 -102.58  -95.6   -92.98 -103.02
 -103.92  -92.98 -106.52  -92.86  -92.86  -98.12 -117.68  -90.16  -92.98
  -94.36 -100.74  -94.36 -113.68  -92.26  -92.26  -98.02 -103.52 -101.04
  -98.3  -101.04 -103.18  -92.98  -94.36  -94.36  -92.98  -94.36  -94.36
  -98.12 -109.44  -98.12 -107.68 -103.52 -112.08  -98.12  -87.5  -106.12
 -100.44  -97.96 -109.26  -92.86 -108.06  -95.24  -98.3  -107.68 -100.22
  -91.68  -98.12  -95.24  -97.14 -108.38  -94.36  -94.36  -98.3   -92.98
  -83.76  -95.24  -94.36  -99.18  -95.24  -92.98  -92.86 -117.68  -92.98
  -95.24  -92.1  -108.38 -113.68  -95.24  -88.54 -103.3   -92.98  -98.3
 -108.92  -98.12  -92.98  -98.12  -87.5  -112.8   -91.7   -92.98  -98.12
 -103.92  -90.16  -83.76 -111.7   -94.36  -95.24  -92.86 -103.9  -113.68
 -106.84  -77.56  -92.98 -109.78  -94.36  -91.86  -90.16  -92.98  -92.98
 -108.3  -113.68  -95.24  -98.3   -95.24  -86.86 -109.94  -92.98  -88.86
  -99.18  -92.98  -99.42 -106.84  -95.24  -98.3   -95.12  -95.12  -92.98
  -89.78  -83.88  -92.98  -86.38  -92.98  -77.56 -100.32  -92.26 -104.62
  -98.3  -100.74  -90.14  -94.92  -94.36  -95.24  -92.98  -92.26 -103.4
  -91.14  -92.98  -98.12  -92.98 -106.84  -95.6   -98.12  -86.38 -109.28
 -102.08  -98.12  -92.34  -80.18  -89.78  -92.98  -80.46  -90.28  -86.86
  -77.76  -83.76  -92.98  -99.2   -90.16 -100.5   -85.56 -117.68  -98.3
  -87.36  -80.3   -86.86 -104.24  -82.14  -90.16 -107.68  -92.26  -98.54
 -101.76 -102.34 -109.9   -81.32  -92.18  -95.24  -94.48  -64.8  -108.06
 -109.3   -88.32  -92.98 -104.22  -86.52 -110.84  -99.7   -80.18  -69.28]
Chain strength: 2.617475529062971, Ground state probability: 0.018
Ground state is: Sample(sample={0: -1, 1: 1, 2: -1, 3: 1, 4: 1, 5: -1, 6: -1, 7: 1, 8: -1, 9: 1, 10: 1, 11: -1, 12: 1, 13: -1, 14: -1, 15: 1, 16: -1, 17: 1, 18: 1, 19: -1, 20: -1, 21: -1, 22: 1, 23: -1, 24: -1, 25: -1, 26: 1, 27: -1, 28: 1, 29: -1, 30: 1, 31: 1, 32: 1, 33: -1, 34: 1, 35: 1, 36: -1, 37: -1, 38: -1, 39: 1, 40: 1, 41: -1, 42: -1, 43: -1, 44: -1, 45: 1}, energy=-118.37999999999987, num_occurrences=1, chain_break_fraction=0.15217391304347827), Ground state energy: -118.37999999999987
---------Annealing time = 2000--------------------