sampleset info: {'timing': {'qpu_sampling_time': 301330.0, 'qpu_anneal_time_per_sample': 500.0, 'qpu_readout_time_per_sample': 82.12, 'qpu_access_time': 317087.97, 'qpu_access_overhead_time': 1079.03, 'qpu_programming_time': 15757.97, 'qpu_delay_time_per_sample': 20.54, 'total_post_processing_time': 2361.0, 'post_processing_overhead_time': 2361.0}, 'problem_id': '6598204b-84e4-4862-9fad-d088a4f9581f'}
sampleset record: [[ 1  1  1 ... -1  1  1]
 [-1  1  1 ... -1  1  1]
 [ 1 -1 -1 ...  1 -1 -1]
 ...
 [-1 -1  1 ...  1 -1 -1]
 [ 1 -1  1 ... -1 -1 -1]
 [-1 -1 -1 ...  1  1  1]]
sampleset energy: [-83.9  -83.9  -83.9  -83.9  -83.86 -83.86 -83.86 -83.86 -83.5  -83.5
 -83.5  -83.5  -82.98 -82.98 -82.98 -82.98 -82.9  -82.9  -82.9  -82.9
 -82.9  -82.9  -82.9  -82.88 -82.88 -82.88 -82.88 -82.82 -82.82 -82.82
 -82.74 -82.74 -82.74 -82.2  -82.2  -82.2  -81.96 -81.96 -81.9  -81.9
 -81.74 -81.74 -81.64 -81.6  -81.6  -81.6  -81.56 -81.36 -81.36 -81.36
 -81.14 -81.14 -81.06 -81.06 -81.   -81.   -81.   -80.88 -80.88 -80.84
 -80.84 -80.84 -80.76 -80.76 -80.76 -80.76 -80.74 -80.74 -80.68 -80.68
 -80.68 -80.68 -80.68 -80.68 -80.46 -80.4  -80.4  -80.28 -80.24 -80.24
 -80.24 -80.2  -80.2  -80.16 -80.16 -80.16 -80.14 -80.04 -80.04 -80.
 -80.   -79.92 -79.92 -79.92 -79.88 -79.88 -79.8  -79.8  -79.8  -79.8
 -79.8  -79.8  -79.8  -79.74 -79.72 -79.7  -79.58 -79.56 -79.56 -79.52
 -79.5  -79.48 -79.48 -79.48 -79.48 -79.46 -79.42 -79.42 -79.38 -79.32
 -79.28 -79.28 -79.28 -79.28 -79.26 -79.26 -79.2  -79.2  -79.14 -81.6
 -79.04 -78.94 -78.94 -78.88 -78.88 -78.88 -78.88 -78.84 -78.8  -78.72
 -78.72 -78.7  -78.7  -78.62 -78.62 -78.6  -78.52 -78.48 -78.48 -78.48
 -78.44 -78.28 -78.24 -78.24 -78.24 -78.22 -78.2  -78.18 -78.16 -78.14
 -78.14 -78.12 -78.08 -77.96 -77.96 -77.92 -77.8  -77.8  -77.78 -77.72
 -77.72 -77.7  -82.2  -77.62 -77.58 -77.56 -77.56 -77.5  -77.48 -77.48
 -77.48 -77.48 -77.42 -77.38 -77.38 -77.36 -77.24 -77.24 -77.2  -77.2
 -77.16 -77.12 -77.08 -77.02 -77.   -76.9  -76.9  -76.9  -76.9  -76.88
 -76.86 -76.86 -76.82 -76.8  -76.8  -76.7  -76.7  -76.6  -76.6  -76.56
 -76.54 -76.54 -76.52 -76.12 -76.04 -75.98 -75.96 -75.94 -75.92 -75.88
 -75.88 -75.86 -75.8  -75.76 -75.7  -75.7  -75.64 -75.62 -75.6  -75.6
 -75.56 -75.56 -75.4  -75.32 -75.22 -75.16 -75.14 -74.86 -74.8  -74.52
 -74.52 -74.52 -74.48 -74.46 -74.42 -74.42 -74.4  -74.22 -74.06 -74.
 -73.9  -73.64 -73.6  -73.54 -73.24 -73.24 -73.18 -73.14 -72.98 -72.94
 -72.84 -72.76 -75.14 -72.64 -72.54 -72.34 -82.2  -76.14 -72.02 -74.9
 -71.76 -79.46 -71.22 -71.12 -71.08 -70.78 -70.74 -70.24 -69.82 -69.7
 -81.74 -69.1  -68.58 -67.54 -71.76 -67.3  -66.78 -66.24 -73.   -65.08
 -64.7  -63.78]
Chain strength: 4.598174944562244, Ground state probability: 0.07
Ground state is: Sample(sample={0: 1, 1: 1, 2: 1, 3: -1, 4: 1, 5: -1, 6: 1, 7: -1, 8: 1, 9: 1, 10: -1, 11: 1, 12: -1, 13: -1, 14: 1, 15: -1, 16: -1, 17: -1, 18: 1, 19: -1, 20: -1, 21: 1, 22: -1, 23: -1, 24: 1, 25: -1, 26: 1, 27: -1, 28: -1, 29: 1, 30: 1, 31: -1, 32: -1, 33: -1, 34: 1, 35: 1}, energy=-83.89999999999998, num_occurrences=2, chain_break_fraction=0.0), Ground state energy: -83.89999999999998
sampleset info: {'timing': {'qpu_sampling_time': 296640.0, 'qpu_anneal_time_per_sample': 500.0, 'qpu_readout_time_per_sample': 72.74, 'qpu_access_time': 312396.37, 'qpu_access_overhead_time': 2618.63, 'qpu_programming_time': 15756.37, 'qpu_delay_time_per_sample': 20.54, 'total_post_processing_time': 2382.0, 'post_processing_overhead_time': 2382.0}, 'problem_id': '6de377f4-5501-45cd-962b-9820a9127eb3'}
sampleset record: [[ 1 -1 -1 ...  1 -1 -1]
 [ 1  1  1 ... -1  1  1]
 [-1 -1 -1 ...  1 -1 -1]
 ...
 [ 1  1 -1 ...  1 -1 -1]
 [-1  1 -1 ...  1 -1 -1]
 [-1  1 -1 ...  1 -1 -1]]
sampleset energy: [-83.9  -83.9  -83.9  -83.9  -83.86 -83.86 -83.86 -83.86 -83.5  -83.5
 -83.5  -83.5  -82.98 -82.98 -82.9  -82.9  -82.9  -82.9  -82.9  -82.9
 -82.88 -82.88 -82.88 -82.88 -82.82 -82.82 -82.82 -82.74 -82.74 -82.74
 -82.74 -82.2  -82.2  -82.2  -81.96 -81.9  -81.74 -81.74 -81.74 -81.64
 -81.64 -81.64 -81.6  -81.6  -81.56 -81.56 -81.36 -81.14 -81.14 -81.14
 -81.1  -81.1  -81.1  -81.06 -81.06 -81.   -81.   -80.88 -80.84 -80.84
 -80.76 -80.76 -80.74 -80.74 -80.68 -80.68 -80.68 -80.68 -80.68 -80.68
 -80.68 -80.44 -80.44 -80.4  -80.28 -80.28 -80.28 -80.28 -80.24 -80.2
 -80.16 -80.14 -80.14 -80.04 -80.   -79.9  -79.82 -79.82 -79.8  -79.8
 -79.7  -79.66 -81.9  -79.58 -79.56 -79.56 -79.52 -79.5  -79.48 -79.42
 -79.42 -79.4  -79.4  -79.4  -79.36 -79.32 -79.32 -79.28 -79.28 -79.2
 -79.16 -79.04 -82.2  -78.96 -82.2  -78.92 -78.9  -78.9  -78.88 -78.88
 -82.98 -78.84 -78.84 -78.84 -78.84 -78.82 -78.8  -78.8  -78.28 -78.72
 -78.72 -78.72 -78.68 -78.68 -78.66 -78.62 -78.6  -78.6  -78.56 -78.54
 -78.48 -78.48 -78.48 -78.44 -78.4  -78.38 -78.24 -78.24 -78.22 -78.2
 -78.18 -78.18 -78.14 -78.04 -78.02 -78.02 -78.02 -78.02 -78.02 -78.
 -78.   -77.94 -77.92 -76.2  -77.88 -77.84 -77.8  -77.8  -77.8  -77.78
 -77.72 -77.68 -77.56 -77.56 -77.52 -77.52 -77.5  -77.5  -77.46 -77.34
 -77.26 -77.24 -77.24 -77.2  -77.1  -77.1  -77.02 -77.02 -77.02 -77.
 -77.   -76.96 -76.92 -76.92 -76.9  -76.9  -76.9  -76.86 -76.8  -76.8
 -76.8  -76.78 -76.72 -76.68 -76.66 -76.66 -76.66 -76.66 -76.62 -76.62
 -76.6  -76.44 -76.36 -76.34 -76.3  -76.3  -76.26 -76.2  -76.2  -76.16
 -79.28 -76.08 -76.   -75.92 -75.92 -75.86 -75.82 -75.82 -75.82 -75.8
 -75.7  -75.64 -75.64 -75.62 -75.54 -75.52 -75.46 -78.6  -81.14 -75.26
 -75.26 -75.24 -75.2  -75.18 -75.08 -75.06 -75.04 -80.68 -74.96 -74.94
 -74.9  -78.56 -74.88 -74.86 -74.76 -74.24 -74.2  -74.18 -74.14 -74.14
 -74.12 -74.12 -74.08 -74.06 -74.06 -74.04 -74.04 -73.98 -73.98 -73.94
 -73.92 -73.72 -73.58 -73.38 -73.32 -73.28 -73.22 -73.22 -73.18 -73.16
 -73.1  -73.08 -73.04 -72.98 -77.2  -72.92 -72.8  -72.78 -72.76 -72.7
 -72.48 -72.44 -72.38 -81.64 -75.18 -71.94 -71.9  -71.82 -71.72 -71.72
 -71.62 -70.5  -71.6  -71.58 -71.54 -71.24 -72.18 -71.14 -71.   -70.78
 -70.62 -70.52 -70.22 -70.22 -70.04 -69.82 -74.42 -69.7  -69.68 -72.7
 -69.04 -68.96 -68.9  -68.94 -80.68 -73.92 -67.2  -67.06 -72.44 -66.68
 -65.74 -74.78 -65.02 -64.62 -77.68 -72.6  -75.96 -73.04 -58.64]
Chain strength: 4.598174944562244, Ground state probability: 0.054
Ground state is: Sample(sample={0: 1, 1: -1, 2: -1, 3: 1, 4: -1, 5: 1, 6: -1, 7: 1, 8: -1, 9: -1, 10: 1, 11: -1, 12: 1, 13: 1, 14: -1, 15: 1, 16: 1, 17: 1, 18: -1, 19: 1, 20: 1, 21: -1, 22: 1, 23: 1, 24: -1, 25: 1, 26: -1, 27: 1, 28: 1, 29: -1, 30: -1, 31: 1, 32: 1, 33: 1, 34: -1, 35: -1}, energy=-83.89999999999998, num_occurrences=9, chain_break_fraction=0.0), Ground state energy: -83.89999999999998
sampleset info: {'timing': {'qpu_sampling_time': 299430.0, 'qpu_anneal_time_per_sample': 500.0, 'qpu_readout_time_per_sample': 78.32, 'qpu_access_time': 315187.57, 'qpu_access_overhead_time': 1304.43, 'qpu_programming_time': 15757.57, 'qpu_delay_time_per_sample': 20.54, 'total_post_processing_time': 2023.0, 'post_processing_overhead_time': 2023.0}, 'problem_id': 'f4df5955-e77a-4eb4-a780-2a32aa75cca1'}
sampleset record: [[ 1  1  1 ... -1  1  1]
 [ 1 -1 -1 ...  1 -1 -1]
 [-1  1  1 ... -1  1  1]
 ...
 [-1 -1  1 ... -1  1  1]
 [ 1 -1  1 ... -1  1  1]
 [-1 -1  1 ... -1  1  1]]
sampleset energy: [-83.9  -83.9  -83.9  -83.9  -83.86 -83.86 -83.86 -83.86 -83.5  -83.5
 -82.98 -82.98 -82.98 -82.9  -82.9  -82.9  -82.9  -82.88 -82.88 -82.82
 -82.82 -82.82 -82.74 -82.74 -82.2  -82.2  -81.96 -81.96 -81.96 -81.9
 -81.74 -81.74 -81.74 -81.64 -81.64 -81.64 -81.64 -81.6  -81.56 -81.56
 -81.56 -81.36 -81.1  -81.1  -81.   -80.88 -80.84 -80.84 -80.84 -80.76
 -80.76 -80.76 -80.76 -80.76 -80.74 -80.74 -80.68 -80.68 -80.68 -80.68
 -80.68 -80.68 -80.68 -80.46 -80.46 -80.44 -80.44 -80.4  -80.4  -80.28
 -80.28 -80.2  -80.16 -80.14 -80.14 -79.8  -79.8  -79.8  -79.78 -79.74
 -79.74 -79.7  -79.7  -79.66 -79.56 -79.56 -79.52 -79.5  -79.46 -79.46
 -79.46 -79.4  -79.4  -82.98 -79.32 -79.28 -79.26 -79.24 -79.2  -79.2
 -79.2  -79.16 -79.04 -78.96 -78.94 -78.9  -78.84 -78.84 -78.82 -78.8
 -78.8  -78.72 -78.7  -78.7  -78.66 -78.66 -78.66 -78.66 -78.54 -78.54
 -78.54 -78.54 -78.48 -78.42 -83.5  -78.38 -78.34 -78.28 -78.24 -78.24
 -78.24 -78.22 -78.22 -78.22 -78.18 -78.18 -78.18 -78.18 -78.18 -78.14
 -78.08 -78.02 -78.02 -78.02 -77.98 -77.94 -79.46 -77.86 -77.86 -77.86
 -77.84 -77.84 -77.84 -77.84 -77.72 -77.68 -82.9  -77.58 -77.58 -77.48
 -77.46 -77.46 -77.4  -77.4  -77.34 -77.32 -77.22 -77.22 -77.2  -77.16
 -78.7  -77.04 -77.02 -77.   -76.96 -76.9  -76.86 -76.86 -76.82 -83.86
 -76.54 -76.54 -76.5  -76.46 -76.26 -76.26 -76.24 -76.2  -76.2  -76.16
 -76.14 -76.14 -76.8  -78.34 -76.   -76.   -75.96 -75.92 -75.9  -75.9
 -74.58 -75.78 -75.7  -75.7  -75.7  -75.6  -75.6  -75.6  -75.6  -75.58
 -75.58 -75.48 -75.44 -75.44 -75.42 -82.74 -75.34 -76.82 -75.22 -75.2
 -75.16 -75.02 -74.78 -74.74 -74.7  -74.68 -83.86 -74.58 -77.16 -74.2
 -77.2  -74.16 -74.12 -74.1  -74.06 -74.06 -73.92 -73.88 -74.38 -73.68
 -73.36 -73.32 -73.32 -73.22 -73.18 -77.48 -73.08 -72.9  -72.86 -72.82
 -72.78 -72.64 -79.5  -72.44 -72.42 -72.4  -72.34 -72.14 -80.76 -72.02
 -74.74 -71.96 -77.56 -71.7  -82.74 -71.54 -71.5  -71.24 -72.98 -71.1
 -70.94 -70.84 -70.76 -82.74 -70.62 -73.7  -70.46 -70.32 -70.18 -70.1
 -70.02 -69.7  -83.86 -69.24 -77.48 -68.86 -68.82 -68.76 -68.5  -77.62
 -67.86 -67.78 -70.64 -69.6  -66.78 -74.6  -66.02 -65.92 -66.38 -63.5
 -63.   -79.88 -70.2 ]
Chain strength: 4.598174944562244, Ground state probability: 0.032
Ground state is: Sample(sample={0: 1, 1: 1, 2: 1, 3: -1, 4: 1, 5: -1, 6: 1, 7: -1, 8: 1, 9: 1, 10: -1, 11: 1, 12: -1, 13: -1, 14: 1, 15: -1, 16: -1, 17: -1, 18: 1, 19: -1, 20: -1, 21: 1, 22: -1, 23: -1, 24: 1, 25: -1, 26: 1, 27: -1, 28: -1, 29: 1, 30: 1, 31: -1, 32: -1, 33: -1, 34: 1, 35: 1}, energy=-83.89999999999998, num_occurrences=2, chain_break_fraction=0.0), Ground state energy: -83.89999999999998
