sampleset info: {'timing': {'qpu_sampling_time': 313390.0, 'qpu_anneal_time_per_sample': 500.0, 'qpu_readout_time_per_sample': 106.24, 'qpu_access_time': 329145.57, 'qpu_access_overhead_time': 1321.43, 'qpu_programming_time': 15755.57, 'qpu_delay_time_per_sample': 20.54, 'total_post_processing_time': 341.0, 'post_processing_overhead_time': 341.0}, 'problem_id': 'd7996ed2-093c-4151-afaa-2a4a42d82df1'}
sampleset record: [[-1  1  1 ... -1  1 -1]
 [-1 -1 -1 ...  1 -1  1]
 [ 1 -1 -1 ...  1 -1  1]
 ...
 [ 1 -1  1 ... -1  1  1]
 [ 1  1 -1 ...  1  1 -1]
 [ 1  1 -1 ...  1  1 -1]]
sampleset energy: [-18.64 -18.64 -18.64 -18.64 -18.36 -18.36 -18.36 -18.36 -18.   -18.
 -18.   -18.   -17.8  -17.8  -17.8  -17.8  -17.76 -17.76 -17.76 -17.68
 -17.68 -17.68 -17.68 -17.48 -17.48 -17.48 -18.36 -18.36 -17.48 -17.48
 -17.34 -17.34 -17.34 -17.32 -17.32 -17.32 -17.24 -17.24 -17.24 -17.14
 -17.14 -17.14 -17.08 -17.08 -17.08 -17.04 -17.04 -17.04 -17.   -17.
 -17.   -17.   -16.98 -16.98 -16.94 -16.94 -16.94 -16.94 -16.76 -16.76
 -16.74 -16.74 -16.74 -16.54 -16.5  -16.5  -16.44 -16.44 -16.54 -16.42
 -16.4  -16.4  -16.4  -16.36 -16.22 -16.22 -16.2  -16.2  -16.1  -16.06
 -16.02 -16.02 -16.02 -15.96 -15.96 -15.94 -15.92 -15.92 -15.9  -15.9
 -15.9  -15.82 -15.78 -15.76 -15.76 -15.7  -15.7  -15.64 -15.64 -15.64
 -15.6  -15.5  -15.5  -15.48 -15.48 -15.42 -15.42 -15.4  -15.36 -15.34
 -15.22 -15.12 -15.1  -15.1  -15.1  -15.1  -15.1  -15.08 -15.06 -15.02
 -15.48 -14.86 -14.78 -14.78 -14.78 -14.78 -14.74 -14.7  -14.58 -14.46
 -14.34 -14.24 -14.14 -14.14 -14.14 -14.12 -14.06 -13.88 -13.66 -13.52
 -13.48 -13.14 -13.08 -12.3  -12.08 -11.98 -11.76 -14.34  -9.1 ]
Chain strength: 2.8855908574674958, Ground state probability: 0.138
Ground state is: Sample(sample={0: -1, 1: 1, 2: 1, 3: -1, 4: -1, 5: -1, 6: -1, 7: -1, 8: 1, 9: -1, 10: 1, 11: -1, 12: -1, 13: -1, 14: 1, 15: -1}, energy=-18.640000000000008, num_occurrences=36, chain_break_fraction=0.0), Ground state energy: -18.640000000000008
sampleset info: {'timing': {'qpu_sampling_time': 298530.0, 'qpu_anneal_time_per_sample': 500.0, 'qpu_readout_time_per_sample': 76.52, 'qpu_access_time': 314286.77, 'qpu_access_overhead_time': 1394.23, 'qpu_programming_time': 15756.77, 'qpu_delay_time_per_sample': 20.54, 'total_post_processing_time': 2766.0, 'post_processing_overhead_time': 2766.0}, 'problem_id': 'e9e722f0-6a4c-45f8-9d7c-13568f980ed2'}
sampleset record: [[ 1  1  1 ... -1  1 -1]
 [ 1 -1 -1 ...  1 -1  1]
 [-1  1  1 ... -1  1 -1]
 ...
 [-1 -1 -1 ...  1 -1 -1]
 [-1 -1  1 ...  1 -1 -1]
 [-1  1 -1 ... -1  1 -1]]
sampleset energy: [-18.64 -18.64 -18.64 -18.64 -18.36 -18.36 -18.36 -18.36 -18.   -18.
 -18.   -18.   -17.8  -17.8  -17.8  -17.8  -17.76 -17.76 -17.76 -17.76
 -17.68 -17.68 -17.68 -17.68 -17.48 -17.48 -17.48 -17.48 -17.34 -17.34
 -17.34 -17.34 -17.32 -17.32 -17.32 -17.32 -17.24 -17.24 -17.24 -17.24
 -17.14 -17.14 -17.08 -17.08 -17.04 -17.04 -17.04 -17.   -17.   -16.98
 -16.98 -16.94 -16.94 -16.94 -16.94 -16.76 -16.76 -16.76 -16.74 -16.74
 -16.74 -16.54 -16.54 -16.5  -16.44 -16.44 -16.42 -16.42 -16.4  -16.4
 -16.4  -16.4  -16.36 -16.36 -16.22 -16.22 -16.2  -16.14 -16.14 -16.14
 -16.14 -16.1  -16.06 -16.02 -16.02 -16.02 -15.96 -15.96 -15.94 -15.92
 -15.92 -15.9  -15.9  -15.9  -15.9  -15.9  -15.78 -15.76 -15.76 -15.64
 -15.64 -15.6  -15.5  -15.44 -15.44 -15.4  -15.4  -15.38 -15.36 -15.36
 -15.34 -15.22 -15.08 -15.06 -15.06 -14.96 -14.96 -14.78 -14.78 -14.78
 -14.7  -16.54 -14.6  -14.46 -14.44 -14.44 -14.32 -14.   -13.78 -13.52
 -13.1  -12.88 -12.86 -12.84 -12.7  -12.68 -12.6  -12.36 -12.34 -12.26
 -11.98 -10.76 -10.6   -8.92 -18.  ]
Chain strength: 2.8855908574674958, Ground state probability: 0.202
Ground state is: Sample(sample={0: 1, 1: 1, 2: 1, 3: -1, 4: -1, 5: -1, 6: -1, 7: -1, 8: 1, 9: -1, 10: 1, 11: -1, 12: -1, 13: -1, 14: 1, 15: -1}, energy=-18.640000000000008, num_occurrences=24, chain_break_fraction=0.0), Ground state energy: -18.640000000000008
sampleset info: {'timing': {'qpu_sampling_time': 304300.0, 'qpu_anneal_time_per_sample': 500.0, 'qpu_readout_time_per_sample': 88.06, 'qpu_access_time': 320055.17, 'qpu_access_overhead_time': 2581.83, 'qpu_programming_time': 15755.17, 'qpu_delay_time_per_sample': 20.54, 'total_post_processing_time': 373.0, 'post_processing_overhead_time': 373.0}, 'problem_id': '0c1b4254-fbf3-4e10-a0ee-0610909e599b'}
sampleset record: [[-1  1  1 ... -1  1 -1]
 [ 1 -1 -1 ...  1 -1  1]
 [-1 -1 -1 ...  1 -1  1]
 ...
 [-1 -1  1 ... -1 -1  1]
 [ 1 -1  1 ... -1 -1 -1]
 [ 1 -1  1 ... -1 -1  1]]
sampleset energy: [-18.64 -18.64 -18.64 -18.64 -18.36 -18.36 -18.36 -18.36 -18.   -18.
 -18.   -18.   -17.8  -17.8  -17.8  -17.8  -17.76 -17.76 -17.76 -17.76
 -17.68 -17.68 -17.68 -17.68 -17.48 -17.48 -17.48 -17.48 -17.34 -17.34
 -17.34 -17.32 -17.32 -17.32 -17.32 -17.24 -17.24 -17.24 -17.24 -17.14
 -17.14 -17.14 -17.08 -17.08 -17.08 -17.08 -17.04 -17.04 -17.04 -17.04
 -17.   -17.   -17.   -16.98 -16.98 -16.98 -16.98 -16.94 -16.94 -16.94
 -16.94 -16.76 -16.76 -16.76 -16.74 -16.74 -16.74 -16.74 -16.54 -16.44
 -16.44 -16.42 -16.42 -16.4  -16.4  -16.36 -16.22 -16.22 -16.2  -16.2
 -16.14 -16.1  -16.02 -16.02 -15.96 -15.96 -15.96 -15.94 -15.92 -15.92
 -15.9  -15.9  -15.9  -15.9  -15.9  -15.76 -15.76 -15.72 -15.7  -15.7
 -15.64 -15.64 -15.64 -15.6  -15.6  -15.44 -15.42 -15.42 -15.4  -15.4
 -15.4  -15.38 -15.38 -15.34 -15.34 -15.34 -15.1  -15.1  -15.1  -15.08
 -16.98 -15.02 -14.98 -14.96 -14.96 -17.24 -14.78 -14.6  -14.6  -14.6
 -14.5  -14.5  -14.5  -14.4  -14.28 -14.16 -15.94 -16.2  -13.74 -13.7
 -13.32 -12.44 -11.5   -9.32]
Chain strength: 2.8855908574674958, Ground state probability: 0.18
Ground state is: Sample(sample={0: -1, 1: 1, 2: 1, 3: -1, 4: -1, 5: -1, 6: -1, 7: -1, 8: 1, 9: -1, 10: 1, 11: -1, 12: -1, 13: -1, 14: 1, 15: -1}, energy=-18.640000000000008, num_occurrences=24, chain_break_fraction=0.0), Ground state energy: -18.640000000000008
