sampleset info: {'timing': {'qpu_sampling_time': 302880.0, 'qpu_anneal_time_per_sample': 500.0, 'qpu_readout_time_per_sample': 85.22, 'qpu_access_time': 318636.37, 'qpu_access_overhead_time': 1311.63, 'qpu_programming_time': 15756.37, 'qpu_delay_time_per_sample': 20.54, 'total_post_processing_time': 645.0, 'post_processing_overhead_time': 645.0}, 'problem_id': 'b57e530f-9b56-43d9-b67e-3b9da091dcbd'}
sampleset record: [[-1  1 -1 ... -1  1  1]
 [ 1 -1  1 ...  1 -1 -1]
 [ 1  1 -1 ... -1  1  1]
 ...
 [ 1 -1 -1 ...  1  1 -1]
 [-1 -1  1 ...  1 -1 -1]
 [ 1 -1 -1 ...  1 -1 -1]]
sampleset energy: [-28.14 -28.14 -28.14 -28.14 -28.12 -28.12 -28.12 -28.12 -28.04 -28.04
 -28.04 -28.04 -28.02 -28.02 -28.02 -28.02 -27.72 -27.72 -27.72 -27.72
 -27.68 -27.68 -27.68 -27.68 -27.66 -27.66 -27.66 -27.66 -27.46 -27.46
 -27.46 -27.46 -27.38 -27.38 -27.38 -27.38 -26.94 -26.94 -26.94 -26.94
 -26.62 -26.62 -26.62 -26.62 -26.6  -26.6  -26.6  -26.6  -26.42 -26.42
 -26.38 -26.38 -26.28 -26.28 -26.12 -26.12 -26.12 -26.12 -26.08 -26.08
 -25.98 -25.98 -25.98 -25.96 -25.96 -25.94 -25.94 -25.9  -25.7  -25.64
 -25.64 -25.64 -25.46 -25.46 -25.44 -25.44 -25.44 -25.34 -25.32 -25.32
 -25.   -24.96 -24.96 -24.9  -24.84 -24.84 -24.84 -24.52 -24.46 -24.42
 -24.12 -24.06 -24.06 -24.06 -24.02 -23.92 -23.92 -26.   -23.76 -23.76
 -23.74 -23.68 -23.68 -23.62 -23.58 -23.54 -23.5  -23.48 -23.38 -23.28
 -26.12 -28.12 -23.18 -23.12 -23.12 -23.1  -23.08 -23.08 -22.88 -22.88
 -22.86 -22.78 -22.76 -22.68 -22.64 -22.54 -22.52 -22.38 -22.34 -22.34
 -22.32 -22.2  -22.18 -21.76 -21.68 -24.2  -28.04 -20.92 -20.92 -20.92
 -20.84 -20.56 -20.38 -20.28 -20.1  -20.1  -20.02 -19.7  -27.38 -21.86
 -16.32 -18.24 -24.08 -22.78]
Chain strength: 3.0368145502812656, Ground state probability: 0.082
Ground state is: Sample(sample={0: -1, 1: 1, 2: -1, 3: -1, 4: -1, 5: -1, 6: 1, 7: -1, 8: 1, 9: -1, 10: -1, 11: 1, 12: -1, 13: 1, 14: -1, 15: -1, 16: 1, 17: -1, 18: -1, 19: 1, 20: 1}, energy=-28.14, num_occurrences=5, chain_break_fraction=0.0), Ground state energy: -28.14
sampleset info: {'timing': {'qpu_sampling_time': 301940.0, 'qpu_anneal_time_per_sample': 500.0, 'qpu_readout_time_per_sample': 83.34, 'qpu_access_time': 317697.57, 'qpu_access_overhead_time': 743.43, 'qpu_programming_time': 15757.57, 'qpu_delay_time_per_sample': 20.54, 'total_post_processing_time': 2083.0, 'post_processing_overhead_time': 2083.0}, 'problem_id': '82f3958d-a581-4ea3-9eef-c71fda18c69f'}
sampleset record: [[-1  1 -1 ... -1  1  1]
 [ 1 -1  1 ...  1 -1 -1]
 [ 1  1 -1 ... -1  1  1]
 ...
 [ 1  1 -1 ... -1  1  1]
 [-1 -1 -1 ... -1  1  1]
 [-1  1 -1 ...  1  1  1]]
sampleset energy: [-28.14 -28.14 -28.14 -28.14 -28.12 -28.12 -28.12 -28.12 -28.04 -28.04
 -28.04 -28.04 -28.02 -28.02 -28.02 -28.02 -27.72 -27.72 -27.72 -27.72
 -27.68 -27.68 -27.68 -27.68 -27.66 -27.66 -27.66 -27.66 -27.46 -27.46
 -27.46 -27.46 -27.38 -27.38 -27.38 -27.38 -26.94 -26.94 -26.94 -26.94
 -26.62 -26.62 -26.62 -26.6  -26.6  -26.42 -26.42 -26.42 -26.38 -26.38
 -26.28 -26.12 -26.12 -26.12 -26.12 -26.08 -26.   -26.   -26.   -25.98
 -25.98 -25.98 -25.96 -25.94 -25.9  -25.9  -25.7  -25.64 -25.44 -25.44
 -25.34 -25.34 -25.32 -25.26 -25.12 -24.96 -24.9  -24.9  -24.6  -24.46
 -24.42 -24.2  -24.2  -24.2  -24.2  -24.06 -24.06 -24.04 -24.04 -24.02
 -23.84 -23.68 -27.72 -23.54 -23.5  -23.18 -23.08 -23.08 -23.06 -23.02
 -22.9  -22.84 -22.82 -22.74 -22.74 -22.66 -22.66 -22.36 -22.36 -22.36
 -22.26 -21.98 -21.76 -21.64 -21.28 -21.02 -20.5  -19.42 -19.32 -15.58]
Chain strength: 3.0368145502812656, Ground state probability: 0.1
Ground state is: Sample(sample={0: -1, 1: 1, 2: -1, 3: -1, 4: -1, 5: -1, 6: 1, 7: -1, 8: 1, 9: -1, 10: -1, 11: 1, 12: -1, 13: 1, 14: -1, 15: -1, 16: 1, 17: -1, 18: -1, 19: 1, 20: 1}, energy=-28.14, num_occurrences=17, chain_break_fraction=0.0), Ground state energy: -28.14
sampleset info: {'timing': {'qpu_sampling_time': 296290.0, 'qpu_anneal_time_per_sample': 500.0, 'qpu_readout_time_per_sample': 72.04, 'qpu_access_time': 312045.57, 'qpu_access_overhead_time': 3095.43, 'qpu_programming_time': 15755.57, 'qpu_delay_time_per_sample': 20.54, 'total_post_processing_time': 2231.0, 'post_processing_overhead_time': 2231.0}, 'problem_id': '3a4b2bfe-bc80-425b-89e4-4670966368f2'}
sampleset record: [[ 1  1 -1 ... -1  1  1]
 [-1  1 -1 ... -1  1  1]
 [ 1 -1  1 ...  1 -1 -1]
 ...
 [-1 -1  1 ...  1 -1 -1]
 [ 1 -1  1 ...  1 -1 -1]
 [ 1 -1  1 ...  1 -1 -1]]
sampleset energy: [-28.14 -28.14 -28.14 -28.14 -28.12 -28.12 -28.12 -28.12 -28.04 -28.04
 -28.04 -28.04 -28.02 -28.02 -28.02 -28.02 -27.72 -27.72 -27.72 -27.72
 -27.68 -27.68 -27.68 -27.68 -27.66 -27.66 -27.66 -27.66 -27.46 -27.46
 -27.46 -27.46 -27.38 -27.38 -27.38 -27.38 -26.94 -26.94 -26.94 -26.94
 -26.62 -26.62 -26.62 -26.6  -26.6  -26.42 -26.42 -26.38 -26.38 -26.28
 -26.28 -26.28 -26.12 -26.12 -26.12 -26.08 -26.08 -26.   -26.   -25.96
 -25.96 -25.96 -25.94 -25.94 -25.9  -25.9  -25.7  -25.64 -25.64 -25.46
 -25.46 -25.46 -25.34 -25.34 -25.34 -25.32 -25.   -24.96 -24.96 -24.9
 -24.88 -24.84 -24.84 -24.76 -24.48 -24.48 -24.48 -24.2  -24.2  -24.06
 -24.04 -24.04 -24.02 -22.3  -23.92 -23.88 -22.66 -23.78 -23.66 -23.56
 -23.54 -23.52 -28.04 -23.5  -23.5  -23.28 -23.28 -20.28 -23.12 -23.1
 -20.86 -22.88 -22.88 -21.66 -22.8  -22.66 -22.62 -22.58 -22.36 -20.3
 -22.12 -22.02 -18.1  -21.76 -21.74 -21.68 -21.58 -21.58 -20.34 -23.76]
Chain strength: 3.0368145502812656, Ground state probability: 0.12
Ground state is: Sample(sample={0: 1, 1: 1, 2: -1, 3: -1, 4: -1, 5: -1, 6: 1, 7: -1, 8: 1, 9: -1, 10: -1, 11: 1, 12: -1, 13: 1, 14: -1, 15: -1, 16: 1, 17: -1, 18: -1, 19: 1, 20: 1}, energy=-28.14, num_occurrences=10, chain_break_fraction=0.0), Ground state energy: -28.14
