sampleset info: {'timing': {'qpu_sampling_time': 303190.0, 'qpu_anneal_time_per_sample': 500.0, 'qpu_readout_time_per_sample': 85.84, 'qpu_access_time': 318946.37, 'qpu_access_overhead_time': 811.63, 'qpu_programming_time': 15756.37, 'qpu_delay_time_per_sample': 20.54, 'total_post_processing_time': 316.0, 'post_processing_overhead_time': 316.0}, 'problem_id': '854b0e3f-1c9a-4368-a6d9-8f825c73d5b4'}
sampleset record: [[-1 -1 -1  1 -1 -1 -1  1 -1  1 -1]
 [ 1  1  1 -1  1  1  1 -1  1 -1  1]
 [ 1 -1 -1  1 -1 -1 -1  1 -1  1 -1]
 [-1  1  1 -1  1  1  1 -1  1 -1  1]
 [ 1  1  1  1 -1 -1  1 -1  1 -1  1]
 [ 1 -1 -1 -1  1  1 -1  1 -1  1 -1]
 [-1 -1 -1 -1  1  1 -1  1 -1  1 -1]
 [-1  1  1  1 -1 -1  1 -1  1 -1  1]
 [ 1  1  1 -1  1  1 -1  1  1 -1  1]
 [-1  1  1 -1  1  1 -1  1  1 -1  1]
 [-1 -1 -1  1 -1 -1  1 -1 -1  1 -1]
 [ 1 -1 -1  1 -1 -1  1 -1 -1  1 -1]
 [-1 -1 -1  1  1 -1 -1  1 -1  1 -1]
 [ 1  1  1 -1 -1  1  1 -1  1 -1  1]
 [ 1 -1 -1  1  1 -1 -1  1 -1  1 -1]
 [-1 -1 -1  1 -1 -1 -1 -1 -1  1 -1]
 [ 1 -1 -1  1 -1 -1 -1 -1 -1  1 -1]
 [-1  1  1 -1  1  1  1  1  1 -1  1]
 [ 1  1  1 -1 -1  1 -1  1  1 -1  1]
 [ 1 -1 -1  1  1 -1  1 -1 -1  1 -1]
 [-1  1  1 -1  1  1  1 -1 -1 -1  1]
 [-1 -1 -1  1 -1 -1 -1  1  1  1 -1]
 [-1 -1 -1  1  1  1  1  1 -1  1 -1]
 [ 1 -1 -1  1  1  1  1  1 -1  1 -1]
 [ 1  1  1 -1 -1 -1 -1 -1  1 -1  1]
 [-1 -1 -1  1  1  1 -1  1 -1  1 -1]
 [ 1 -1  1  1 -1 -1  1 -1 -1  1 -1]
 [-1 -1  1  1 -1 -1  1 -1 -1  1 -1]
 [ 1  1 -1 -1  1 -1 -1  1 -1  1 -1]
 [-1 -1 -1  1 -1 -1  1  1 -1  1 -1]
 [ 1 -1 -1  1  1  1  1 -1 -1 -1 -1]
 [-1  1  1 -1 -1 -1 -1  1  1  1  1]
 [-1  1 -1  1 -1 -1 -1  1 -1  1 -1]
 [ 1 -1 -1  1 -1  1 -1  1 -1  1 -1]
 [ 1 -1  1  1 -1 -1 -1  1  1  1 -1]
 [ 1  1 -1 -1  1  1 -1  1 -1 -1 -1]
 [ 1 -1 -1  1 -1 -1  1 -1 -1 -1 -1]]
sampleset energy: [-10.89 -10.89 -10.89 -10.89  -9.75  -9.75  -9.75  -9.75  -9.25  -9.25
  -9.25  -9.25  -9.09  -9.09  -9.09  -9.05  -9.05  -9.05  -8.89  -8.89
  -8.83  -8.83  -8.75  -8.75  -8.75  -8.55  -8.53  -8.53  -8.19  -8.05
  -7.89  -7.89  -7.67  -7.35  -7.11  -6.67  -6.59]
Chain strength: 2.4336862877386793, Ground state probability: 0.742
Ground state is: Sample(sample={0: -1, 1: -1, 2: -1, 3: 1, 4: -1, 5: -1, 6: -1, 7: 1, 8: -1, 9: 1, 10: -1}, energy=-10.889999999999997, num_occurrences=139, chain_break_fraction=0.0), Ground state energy: -10.889999999999997
sampleset info: {'timing': {'qpu_sampling_time': 299590.0, 'qpu_anneal_time_per_sample': 500.0, 'qpu_readout_time_per_sample': 78.64, 'qpu_access_time': 315345.97, 'qpu_access_overhead_time': 1319.03, 'qpu_programming_time': 15755.97, 'qpu_delay_time_per_sample': 20.54, 'total_post_processing_time': 545.0, 'post_processing_overhead_time': 545.0}, 'problem_id': '9e36b0a3-cdc4-4d7d-83dd-b8b1220513b7'}
sampleset record: [[-1  1  1 -1  1  1  1 -1  1 -1  1]
 [-1 -1 -1  1 -1 -1 -1  1 -1  1 -1]
 [ 1  1  1 -1  1  1  1 -1  1 -1  1]
 [ 1 -1 -1  1 -1 -1 -1  1 -1  1 -1]
 [ 1 -1 -1 -1  1  1 -1  1 -1  1 -1]
 [-1  1  1  1 -1 -1  1 -1  1 -1  1]
 [-1 -1 -1 -1  1  1 -1  1 -1  1 -1]
 [ 1  1  1  1 -1 -1  1 -1  1 -1  1]
 [ 1  1  1 -1  1  1 -1  1  1 -1  1]
 [-1 -1 -1  1 -1 -1  1 -1 -1  1 -1]
 [ 1 -1 -1  1 -1 -1  1 -1 -1  1 -1]
 [-1  1  1 -1  1  1 -1  1  1 -1  1]
 [-1  1  1 -1 -1  1  1 -1  1 -1  1]
 [ 1 -1 -1  1  1 -1 -1  1 -1  1 -1]
 [ 1  1  1 -1 -1  1  1 -1  1 -1  1]
 [-1 -1 -1  1 -1 -1 -1 -1 -1  1 -1]
 [ 1  1  1 -1  1  1  1  1  1 -1  1]
 [ 1 -1 -1  1 -1 -1 -1 -1 -1  1 -1]
 [-1  1  1 -1  1  1  1  1  1 -1  1]
 [-1 -1 -1  1  1 -1  1 -1 -1  1 -1]
 [ 1 -1 -1  1  1 -1  1 -1 -1  1 -1]
 [-1  1  1 -1 -1  1 -1  1  1 -1  1]
 [-1 -1 -1  1 -1 -1 -1  1  1  1 -1]
 [-1  1  1 -1  1  1  1 -1 -1 -1  1]
 [ 1  1  1 -1  1  1  1 -1 -1 -1  1]
 [ 1 -1 -1  1 -1 -1 -1  1  1  1 -1]
 [ 1  1  1 -1 -1 -1 -1 -1  1 -1  1]
 [-1  1  1 -1 -1 -1 -1 -1  1 -1  1]
 [ 1 -1 -1  1  1  1  1  1 -1  1 -1]
 [-1  1  1 -1 -1 -1  1 -1  1 -1  1]
 [ 1 -1  1  1 -1 -1  1 -1 -1  1 -1]
 [-1  1 -1 -1  1  1 -1  1  1 -1  1]
 [-1 -1  1  1 -1 -1  1 -1 -1  1 -1]
 [-1  1 -1 -1  1 -1 -1  1 -1  1 -1]
 [ 1 -1  1  1 -1  1  1 -1  1 -1  1]
 [-1  1  1 -1 -1 -1 -1  1  1  1  1]
 [ 1 -1 -1  1  1 -1 -1 -1 -1  1 -1]
 [-1 -1  1 -1 -1  1  1 -1  1 -1  1]]
sampleset energy: [-10.89 -10.89 -10.89 -10.89  -9.75  -9.75  -9.75  -9.75  -9.25  -9.25
  -9.25  -9.25  -9.09  -9.09  -9.09  -9.05  -9.05  -9.05  -9.05  -8.89
  -8.89  -8.89  -8.83  -8.83  -8.83  -8.83  -8.75  -8.75  -8.75  -8.55
  -8.53  -8.53  -8.53  -8.19  -8.19  -7.89  -7.85  -7.71]
Chain strength: 2.4336862877386793, Ground state probability: 0.764
Ground state is: Sample(sample={0: -1, 1: 1, 2: 1, 3: -1, 4: 1, 5: 1, 6: 1, 7: -1, 8: 1, 9: -1, 10: 1}, energy=-10.889999999999997, num_occurrences=140, chain_break_fraction=0.0), Ground state energy: -10.889999999999997
sampleset info: {'timing': {'qpu_sampling_time': 291790.0, 'qpu_anneal_time_per_sample': 500.0, 'qpu_readout_time_per_sample': 63.04, 'qpu_access_time': 307545.97, 'qpu_access_overhead_time': 1495.03, 'qpu_programming_time': 15755.97, 'qpu_delay_time_per_sample': 20.54, 'total_post_processing_time': 3878.0, 'post_processing_overhead_time': 3878.0}, 'problem_id': '5cd97942-26d5-43da-ac97-a35e6af0cfc4'}
sampleset record: [[ 1  1  1 -1  1  1  1 -1  1 -1  1]
 [ 1 -1 -1  1 -1 -1 -1  1 -1  1 -1]
 [-1  1  1 -1  1  1  1 -1  1 -1  1]
 [-1 -1 -1  1 -1 -1 -1  1 -1  1 -1]
 [ 1  1  1  1 -1 -1  1 -1  1 -1  1]
 [-1 -1 -1 -1  1  1 -1  1 -1  1 -1]
 [-1  1  1  1 -1 -1  1 -1  1 -1  1]
 [ 1 -1 -1 -1  1  1 -1  1 -1  1 -1]
 [-1  1  1 -1  1  1 -1  1  1 -1  1]
 [ 1 -1 -1  1 -1 -1  1 -1 -1  1 -1]
 [ 1  1  1 -1  1  1 -1  1  1 -1  1]
 [-1 -1 -1  1 -1 -1  1 -1 -1  1 -1]
 [-1 -1 -1  1  1 -1 -1  1 -1  1 -1]
 [-1  1  1 -1 -1  1  1 -1  1 -1  1]
 [ 1 -1 -1  1  1 -1 -1  1 -1  1 -1]
 [ 1  1  1 -1 -1  1  1 -1  1 -1  1]
 [-1 -1 -1  1 -1 -1 -1 -1 -1  1 -1]
 [-1  1  1 -1  1  1  1  1  1 -1  1]
 [ 1  1  1 -1  1  1  1  1  1 -1  1]
 [ 1 -1 -1  1 -1 -1 -1 -1 -1  1 -1]
 [-1  1  1 -1 -1  1 -1  1  1 -1  1]
 [-1 -1 -1  1  1 -1  1 -1 -1  1 -1]
 [ 1 -1 -1  1 -1 -1 -1  1  1  1 -1]
 [ 1  1  1 -1 -1 -1 -1 -1  1 -1  1]
 [-1  1  1 -1 -1 -1 -1 -1  1 -1  1]
 [ 1 -1 -1  1  1  1  1  1 -1  1 -1]
 [-1  1  1 -1 -1 -1  1 -1  1 -1  1]
 [ 1  1  1 -1 -1 -1  1 -1  1 -1  1]
 [ 1 -1  1  1 -1 -1  1 -1 -1  1 -1]
 [-1 -1  1  1 -1 -1  1 -1 -1  1 -1]
 [-1  1 -1 -1  1  1 -1  1  1 -1  1]
 [ 1 -1  1  1 -1  1  1 -1  1 -1  1]
 [-1  1 -1 -1  1 -1 -1  1 -1  1 -1]
 [ 1  1 -1 -1  1 -1 -1  1 -1  1 -1]
 [ 1 -1 -1 -1  1 -1 -1  1 -1  1 -1]
 [-1 -1 -1 -1  1 -1 -1  1 -1  1 -1]
 [-1 -1 -1  1 -1 -1 -1  1 -1  1 -1]
 [ 1 -1 -1  1 -1 -1 -1  1 -1  1 -1]
 [-1  1  1 -1  1  1 -1 -1  1 -1  1]
 [-1 -1 -1  1 -1 -1  1  1 -1  1 -1]
 [-1  1  1 -1 -1 -1 -1  1  1  1  1]
 [-1  1  1 -1 -1  1  1  1  1 -1  1]
 [ 1  1 -1  1  1 -1 -1  1 -1  1 -1]
 [-1  1 -1 -1  1  1 -1  1 -1  1 -1]
 [-1 -1  1 -1  1  1  1 -1  1 -1  1]
 [ 1  1  1 -1 -1 -1 -1  1  1 -1  1]
 [ 1  1 -1 -1  1  1  1 -1 -1 -1  1]
 [-1 -1  1 -1 -1 -1 -1  1  1  1 -1]
 [-1  1  1  1  1  1  1 -1 -1 -1  1]
 [ 1  1  1 -1 -1 -1 -1  1  1  1 -1]]
sampleset energy: [-10.89 -10.89 -10.89 -10.89  -9.75  -9.75  -9.75  -9.75  -9.25  -9.25
  -9.25  -9.25  -9.09  -9.09  -9.09  -9.09  -9.05  -9.05  -9.05  -9.05
  -8.89  -8.89  -8.83  -8.75  -8.75  -8.75  -8.55  -8.55  -8.53  -8.53
  -8.53  -8.19  -8.19  -8.19  -8.13  -8.13 -10.89 -10.89  -8.05  -8.05
  -7.89  -7.85  -7.71  -7.69  -7.67  -7.39  -7.11  -6.59  -6.43  -6.41]
Chain strength: 2.4336862877386793, Ground state probability: 0.748
Ground state is: Sample(sample={0: 1, 1: 1, 2: 1, 3: -1, 4: 1, 5: 1, 6: 1, 7: -1, 8: 1, 9: -1, 10: 1}, energy=-10.889999999999997, num_occurrences=59, chain_break_fraction=0.0), Ground state energy: -10.889999999999997
