sampleset info: {'timing': {'qpu_sampling_time': 289990.0, 'qpu_anneal_time_per_sample': 500.0, 'qpu_readout_time_per_sample': 59.44, 'qpu_access_time': 305746.77, 'qpu_access_overhead_time': 1386.23, 'qpu_programming_time': 15756.77, 'qpu_delay_time_per_sample': 20.54, 'total_post_processing_time': 1238.0, 'post_processing_overhead_time': 1238.0}, 'problem_id': 'bd164cb4-3d86-4c47-904d-3d56234f9801'}
sampleset record: [[ 1  1 -1 ... -1 -1  1]
 [-1 -1  1 ...  1  1 -1]
 [-1  1 -1 ... -1 -1  1]
 ...
 [-1  1 -1 ... -1 -1  1]
 [ 1 -1 -1 ...  1  1 -1]
 [ 1  1 -1 ... -1 -1  1]]
sampleset energy: [-58.   -58.   -58.   -58.   -57.58 -57.58 -57.58 -57.42 -57.42 -57.42
 -57.42 -56.48 -56.48 -56.48 -56.48 -56.1  -56.1  -55.86 -55.86 -55.86
 -55.48 -55.48 -55.48 -57.42 -57.42 -55.18 -55.18 -55.12 -55.12 -55.12
 -55.08 -55.08 -55.04 -55.04 -54.74 -54.6  -54.52 -54.52 -54.48 -54.48
 -54.46 -54.46 -54.36 -54.36 -54.36 -54.36 -54.3  -54.2  -54.2  -54.18
 -54.18 -54.14 -54.14 -54.14 -54.12 -54.06 -54.   -54.   -54.   -53.96
 -53.96 -53.96 -53.96 -53.96 -53.96 -53.96 -53.9  -53.86 -53.8  -53.74
 -53.66 -53.66 -53.58 -53.56 -53.56 -53.5  -53.46 -53.46 -53.46 -53.44
 -53.44 -53.42 -53.38 -53.32 -53.3  -53.28 -53.46 -53.46 -53.26 -53.26
 -53.26 -53.24 -53.22 -53.18 -53.14 -53.14 -53.1  -53.1  -53.1  -53.1
 -53.04 -53.04 -53.04 -53.04 -53.04 -53.02 -53.02 -52.94 -52.94 -52.86
 -52.86 -52.86 -52.86 -52.84 -52.76 -52.66 -52.64 -52.62 -52.62 -52.6
 -52.6  -52.56 -52.54 -52.54 -52.54 -52.52 -52.52 -52.5  -52.5  -52.48
 -52.42 -52.42 -52.42 -52.34 -52.32 -52.32 -52.32 -52.32 -52.3  -52.3
 -52.26 -52.26 -52.24 -52.24 -52.22 -52.22 -52.2  -52.16 -52.12 -52.12
 -52.1  -52.08 -52.08 -52.   -51.98 -51.96 -52.5  -51.94 -51.92 -51.88
 -51.86 -51.84 -51.82 -51.82 -51.76 -51.7  -51.7  -51.62 -51.62 -58.
 -51.56 -51.56 -51.54 -52.72 -51.52 -51.5  -51.24 -51.24 -50.94 -50.9
 -56.1  -50.84 -50.8  -50.68 -50.66 -50.66 -50.64 -50.64 -50.64 -53.28
 -50.6  -50.48 -50.46 -50.44 -50.4  -50.34 -50.18 -50.16 -50.16 -50.12
 -50.08 -50.08 -49.2  -49.88 -49.88 -49.86 -49.84 -49.82 -49.8  -49.8
 -49.68 -49.66 -49.62 -49.54 -49.44 -49.42 -49.3  -49.3  -49.3  -49.28
 -49.26 -49.18 -49.08 -49.   -48.96 -52.94 -48.76 -48.74 -48.74 -48.74
 -48.7  -48.64 -48.62 -48.58 -48.42 -51.26 -48.32 -48.2  -52.04 -48.08
 -48.06 -48.06 -48.06 -47.52 -47.48 -47.48 -47.48 -47.44 -47.38 -47.34
 -47.32 -47.3  -47.14 -47.12 -55.12 -47.04 -47.   -46.84 -46.82 -46.7
 -46.66 -46.38 -46.36 -46.08 -46.06 -46.   -53.22 -45.9  -54.12 -45.5
 -45.32 -45.2  -44.78 -53.96 -44.38 -43.64 -49.7  -43.34 -43.24 -43.16
 -42.66 -42.58 -42.36 -42.16 -41.28 -41.22 -37.18]
Chain strength: 4.20514891434222, Ground state probability: 0.134
Ground state is: Sample(sample={0: 1, 1: 1, 2: -1, 3: -1, 4: 1, 5: 1, 6: 1, 7: 1, 8: 1, 9: -1, 10: 1, 11: 1, 12: 1, 13: 1, 14: -1, 15: 1, 16: 1, 17: 1, 18: -1, 19: -1, 20: -1, 21: -1, 22: -1, 23: -1, 24: -1, 25: -1, 26: -1, 27: -1, 28: -1, 29: -1, 30: 1}, energy=-57.99999999999997, num_occurrences=6, chain_break_fraction=0.0), Ground state energy: -57.99999999999997
sampleset info: {'timing': {'qpu_sampling_time': 320940.0, 'qpu_anneal_time_per_sample': 500.0, 'qpu_readout_time_per_sample': 121.34, 'qpu_access_time': 336698.77, 'qpu_access_overhead_time': 3338.23, 'qpu_programming_time': 15758.77, 'qpu_delay_time_per_sample': 20.54, 'total_post_processing_time': 2340.0, 'post_processing_overhead_time': 2340.0}, 'problem_id': '01d1c3f5-4117-4309-97a3-37a16d8102ea'}
sampleset record: [[ 1  1 -1 ... -1 -1  1]
 [ 1 -1  1 ...  1  1 -1]
 [-1  1 -1 ... -1 -1  1]
 ...
 [ 1 -1 -1 ... -1  1  1]
 [ 1 -1  1 ...  1 -1  1]
 [-1 -1 -1 ... -1  1 -1]]
sampleset energy: [-58.   -58.   -58.   -58.   -57.58 -57.58 -57.58 -57.58 -57.42 -57.42
 -57.42 -57.42 -56.48 -56.48 -56.48 -56.1  -56.1  -55.86 -55.86 -55.48
 -55.18 -55.18 -55.18 -55.12 -55.12 -55.08 -55.08 -55.08 -55.04 -55.04
 -55.04 -55.04 -54.74 -54.74 -54.74 -54.6  -54.6  -54.52 -54.48 -54.48
 -54.48 -54.46 -54.36 -54.36 -54.36 -54.36 -54.22 -54.22 -54.2  -54.18
 -54.18 -54.16 -54.16 -54.14 -54.12 -54.12 -54.1  -54.06 -54.06 -54.
 -54.   -53.96 -53.96 -53.96 -53.96 -53.96 -53.94 -53.94 -53.9  -53.86
 -53.86 -53.84 -53.84 -53.84 -53.76 -53.76 -53.66 -53.66 -53.64 -53.58
 -53.56 -53.56 -53.56 -53.5  -53.5  -53.46 -53.44 -53.42 -53.38 -53.38
 -53.32 -53.3  -53.3  -53.28 -53.28 -53.26 -53.26 -53.22 -53.22 -53.22
 -53.18 -53.14 -53.12 -53.1  -53.04 -53.04 -53.02 -53.02 -53.02 -52.94
 -52.94 -52.94 -52.86 -52.82 -52.62 -52.6  -52.6  -52.6  -52.54 -52.52
 -52.52 -52.5  -52.48 -52.48 -52.42 -52.32 -52.3  -52.3  -52.28 -52.26
 -52.26 -52.26 -52.24 -50.24 -52.18 -52.16 -52.04 -52.02 -49.4  -51.98
 -51.96 -51.92 -51.9  -51.86 -51.84 -51.84 -51.84 -51.84 -51.82 -51.7
 -51.7  -47.44 -51.64 -51.64 -51.62 -51.6  -51.6  -51.58 -51.58 -51.58
 -51.56 -51.48 -51.44 -51.44 -51.42 -51.34 -51.3  -51.3  -51.24 -51.24
 -51.2  -51.2  -51.2  -51.2  -51.18 -51.18 -51.16 -51.1  -51.04 -51.02
 -51.   -51.   -50.94 -50.82 -50.8  -50.8  -50.78 -50.76 -50.76 -50.72
 -50.64 -50.64 -50.64 -50.64 -50.58 -52.4  -50.5  -50.34 -50.32 -50.3
 -50.26 -50.26 -50.22 -50.18 -50.16 -50.1  -50.08 -50.   -57.58 -49.96
 -49.96 -49.8  -49.8  -51.62 -49.76 -49.74 -49.7  -49.66 -49.52 -49.5
 -49.5  -53.14 -49.4  -49.38 -49.34 -49.32 -49.3  -49.3  -49.28 -49.24
 -49.24 -49.22 -49.06 -48.94 -48.9  -51.34 -48.78 -53.02 -48.76 -48.74
 -48.7  -48.7  -48.68 -48.68 -48.68 -48.64 -48.6  -48.6  -48.58 -48.54
 -48.48 -48.26 -48.18 -48.14 -48.06 -47.96 -47.88 -47.88 -47.86 -47.78
 -45.86 -47.7  -47.68 -47.62 -47.58 -47.54 -47.44 -47.42 -47.24 -47.24
 -47.22 -49.02 -48.32 -47.   -47.   -46.96 -46.84 -46.84 -46.82 -46.76
 -46.32 -46.3  -46.22 -46.22 -46.06 -45.96 -45.94 -45.86 -45.84 -45.82
 -45.8  -45.74 -56.48 -45.7  -45.58 -45.54 -53.56 -45.22 -47.16 -50.44
 -45.12 -45.1  -44.9  -44.7  -44.66 -44.54 -44.52 -44.32 -44.2  -43.9
 -43.82 -43.72 -43.54 -44.68 -53.04 -42.16 -41.82 -43.38 -39.62 -36.4 ]
Chain strength: 4.20514891434222, Ground state probability: 0.078
Ground state is: Sample(sample={0: 1, 1: 1, 2: -1, 3: -1, 4: 1, 5: 1, 6: 1, 7: 1, 8: 1, 9: -1, 10: 1, 11: 1, 12: 1, 13: 1, 14: -1, 15: 1, 16: 1, 17: 1, 18: -1, 19: -1, 20: -1, 21: -1, 22: -1, 23: -1, 24: -1, 25: -1, 26: -1, 27: -1, 28: -1, 29: -1, 30: 1}, energy=-57.99999999999997, num_occurrences=16, chain_break_fraction=0.0), Ground state energy: -57.99999999999997
sampleset info: {'timing': {'qpu_sampling_time': 299550.0, 'qpu_anneal_time_per_sample': 500.0, 'qpu_readout_time_per_sample': 78.56, 'qpu_access_time': 315305.57, 'qpu_access_overhead_time': 1970.43, 'qpu_programming_time': 15755.57, 'qpu_delay_time_per_sample': 20.54, 'total_post_processing_time': 4108.0, 'post_processing_overhead_time': 4108.0}, 'problem_id': '14ef30f0-4b8c-4a9a-80e7-9737d1100919'}
sampleset record: [[-1 -1  1 ...  1  1 -1]
 [-1  1 -1 ... -1 -1  1]
 [ 1 -1  1 ...  1  1 -1]
 ...
 [ 1 -1  1 ...  1 -1  1]
 [ 1 -1  1 ...  1 -1  1]
 [ 1  1  1 ... -1  1 -1]]
sampleset energy: [-58.   -58.   -58.   -57.58 -57.58 -57.58 -57.42 -57.42 -57.42 -57.42
 -56.48 -56.48 -56.1  -56.1  -56.1  -55.86 -55.86 -55.48 -55.48 -55.48
 -55.48 -55.18 -55.08 -54.74 -54.74 -54.74 -54.6  -54.6  -54.52 -54.52
 -54.52 -54.48 -54.46 -54.36 -54.36 -54.36 -54.36 -54.3  -54.3  -54.2
 -54.18 -54.18 -54.14 -54.14 -54.12 -54.12 -54.12 -54.1  -54.1  -54.06
 -54.06 -54.   -54.   -53.96 -53.96 -53.96 -53.96 -53.96 -53.94 -53.9
 -53.86 -53.86 -53.84 -53.82 -53.82 -53.8  -53.74 -53.66 -53.66 -53.64
 -53.64 -53.64 -53.58 -53.56 -53.56 -53.56 -53.5  -53.5  -52.34 -53.46
 -53.46 -53.32 -53.3  -53.26 -53.26 -53.22 -53.22 -53.22 -53.22 -53.18
 -53.14 -53.14 -57.42 -57.42 -53.12 -53.12 -53.1  -53.04 -53.02 -53.
 -52.94 -52.84 -52.76 -52.76 -52.72 -52.72 -57.58 -52.64 -52.62 -52.6
 -52.54 -52.5  -52.5  -52.46 -52.34 -52.32 -52.3  -52.3  -52.3  -52.28
 -52.26 -52.26 -52.26 -52.24 -52.24 -52.24 -52.22 -52.2  -52.16 -52.14
 -52.14 -52.12 -52.12 -52.08 -52.04 -52.04 -52.02 -51.94 -51.92 -54.3
 -51.84 -51.82 -51.82 -56.1  -51.78 -51.72 -51.72 -51.7  -51.7  -51.66
 -51.64 -51.6  -51.6  -51.54 -51.52 -51.5  -51.48 -51.48 -51.48 -51.42
 -51.4  -51.3  -51.28 -57.42 -51.22 -51.22 -51.2  -51.14 -51.1  -51.08
 -53.66 -51.04 -50.9  -50.9  -50.88 -50.86 -50.84 -50.8  -50.78 -50.76
 -50.72 -54.6  -54.6  -50.66 -50.66 -50.64 -50.64 -50.64 -50.58 -50.56
 -53.74 -50.5  -50.5  -50.48 -50.48 -50.4  -50.38 -50.26 -50.24 -50.24
 -50.2  -50.2  -50.16 -50.1  -50.08 -50.06 -49.92 -55.48 -49.88 -54.6
 -49.8  -49.78 -49.78 -49.76 -49.66 -49.56 -49.54 -49.54 -49.54 -49.52
 -49.5  -49.48 -49.48 -51.24 -49.42 -49.32 -49.32 -49.3  -49.28 -49.26
 -49.26 -49.24 -49.22 -49.18 -49.16 -49.08 -49.04 -50.66 -48.98 -48.92
 -49.96 -48.9  -48.86 -48.78 -48.78 -48.7  -52.54 -50.48 -48.56 -48.54
 -48.48 -48.44 -48.26 -48.02 -47.98 -57.42 -47.88 -47.88 -47.8  -47.78
 -47.46 -47.22 -47.18 -47.14 -49.56 -46.6  -46.5  -46.44 -46.4  -46.32
 -46.3  -46.26 -46.14 -46.   -47.74 -45.78 -45.7  -45.68 -45.62 -45.28
 -44.94 -44.92 -44.82 -50.92 -44.56 -44.36 -44.04 -51.62 -43.88 -43.04
 -42.66 -42.42 -41.76 -41.62 -41.26 -48.78 -38.02 -46.06 -35.56]
Chain strength: 4.20514891434222, Ground state probability: 0.024
Ground state is: Sample(sample={0: -1, 1: -1, 2: 1, 3: 1, 4: -1, 5: -1, 6: -1, 7: -1, 8: -1, 9: 1, 10: -1, 11: -1, 12: -1, 13: -1, 14: 1, 15: -1, 16: -1, 17: -1, 18: 1, 19: 1, 20: 1, 21: 1, 22: 1, 23: 1, 24: 1, 25: 1, 26: 1, 27: 1, 28: 1, 29: 1, 30: -1}, energy=-57.99999999999997, num_occurrences=6, chain_break_fraction=0.0), Ground state energy: -57.99999999999997
