sampleset info: {'timing': {'qpu_sampling_time': 305670.0, 'qpu_anneal_time_per_sample': 500.0, 'qpu_readout_time_per_sample': 90.8, 'qpu_access_time': 321426.77, 'qpu_access_overhead_time': 1158.23, 'qpu_programming_time': 15756.77, 'qpu_delay_time_per_sample': 20.54, 'total_post_processing_time': 4248.0, 'post_processing_overhead_time': 4248.0}, 'problem_id': '3f873717-bb0c-40fd-b902-9680032c9a76'}
sampleset record: [[ 1  1  1 ...  1  1 -1]
 [ 1 -1 -1 ... -1 -1  1]
 [ 1 -1  1 ... -1 -1  1]
 ...
 [ 1 -1 -1 ... -1  1  1]
 [-1  1  1 ...  1 -1  1]
 [-1  1 -1 ...  1  1 -1]]
sampleset energy: [-100.93 -100.93 -100.51 -100.51 -100.05 -100.05 -100.05  -99.73  -99.73
 -100.93  -99.53  -99.53  -99.27  -99.27 -100.05 -100.05  -99.15  -99.15
  -99.09  -99.09  -99.09  -99.03  -99.03  -98.85  -98.85  -98.83  -98.53
  -98.49 -100.51  -97.89  -98.25  -98.25  -96.99  -98.03  -98.03  -99.15
  -97.89  -97.89  -97.75  -97.75  -99.03  -99.03  -97.75  -97.75  -97.67
  -97.67  -97.67  -97.67  -97.89  -97.89  -97.57  -97.57  -97.57  -97.49
  -99.27  -88.85  -97.09  -97.09  -97.07  -98.25  -98.25  -96.85  -96.85
  -96.79  -96.79  -96.63  -99.15  -99.03  -99.03  -96.39  -96.29  -98.25
  -98.25  -96.13  -96.13  -96.13  -96.13  -96.03  -97.09  -95.85  -95.83
  -95.83  -95.81  -95.81  -98.25  -95.51  -95.47  -95.45  -95.43  -95.31
  -95.31  -91.57  -95.17  -95.17  -95.09 -100.05  -95.03  -95.03  -94.97
  -94.93  -94.93  -98.25  -96.79  -94.61  -94.61  -94.57  -94.55  -98.25
  -94.19  -94.19  -94.35  -94.35  -94.31  -94.29  -94.25  -94.21  -94.21
  -94.05  -94.05  -97.45  -93.93  -94.23  -93.89  -90.23  -93.83  -93.83
  -93.69  -93.69  -96.03  -93.45  -93.43  -94.19  -95.49  -93.35  -93.33
  -93.29  -93.07  -93.07  -93.05  -95.11  -92.93  -95.49  -92.89  -92.87
  -92.83  -92.79  -92.79  -92.77  -92.75  -92.75  -94.79  -92.97  -92.95
  -93.35  -92.51  -99.03  -92.37  -92.35  -98.25  -92.21  -93.27  -92.03
  -94.49  -91.95  -94.05  -94.05  -91.85  -91.85  -91.83  -93.93  -98.25
  -91.75  -92.57  -91.73  -98.25  -91.65  -94.21  -91.61  -91.55  -96.79
  -91.51  -92.95  -91.37  -91.37  -90.51  -91.31  -91.27  -91.23  -93.29
  -91.07  -92.25  -90.99  -90.91  -90.51  -90.77  -99.09  -90.75  -90.67
  -90.59  -90.53  -90.47  -88.93  -90.43  -90.31  -90.27  -90.27  -90.27
  -90.25  -90.91  -92.27  -90.23  -90.21  -90.15  -90.13  -90.11  -90.05
  -90.03  -90.03  -89.99  -89.87  -88.93  -89.63  -90.57  -89.49  -91.17
  -89.47 -100.51  -89.39  -91.17  -89.23  -89.23  -91.23  -88.89  -88.05
  -88.87  -88.87  -88.87  -87.33  -88.61  -88.61  -90.71  -88.55  -87.75
  -98.25  -88.23  -88.15  -90.43  -88.09  -87.99  -87.97  -99.73  -87.03
  -87.81  -90.09  -88.55  -87.59  -87.45  -89.55  -87.43  -92.53  -99.03
  -87.23  -89.29  -87.05  -86.83  -86.75  -86.91  -99.15  -86.85  -86.59
  -85.89  -88.73 -100.05  -86.13  -96.01  -85.97  -86.63  -89.61  -99.03
  -81.37  -85.71 -100.05  -85.53  -85.51  -85.49  -85.39  -91.97  -87.31
  -85.03  -92.47  -84.55  -84.47  -90.25  -99.03  -88.53  -83.97  -85.93
  -83.89  -85.51  -83.35  -87.51  -89.21  -82.99  -93.43  -89.47  -79.31
  -92.75  -82.27  -82.25  -82.25  -81.93  -81.79  -80.17  -81.51  -97.09
  -81.23  -91.77  -80.71  -85.47  -80.33  -78.85  -79.57  -79.39  -92.93
  -78.93  -87.73  -90.79  -88.25  -87.89  -72.37  -92.95  -86.17  -97.67]
Chain strength: 5.0517254158757385, Ground state probability: 0.01
Ground state is: Sample(sample={0: 1, 1: 1, 2: 1, 3: -1, 4: -1, 5: 1, 6: 1, 7: 1, 8: 1, 9: -1, 10: -1, 11: -1, 12: 1, 13: -1, 14: 1, 15: 1, 16: 1, 17: 1, 18: 1, 19: -1, 20: -1, 21: -1, 22: 1, 23: 1, 24: -1, 25: 1, 26: 1, 27: -1, 28: 1, 29: -1, 30: 1, 31: -1, 32: 1, 33: -1, 34: 1, 35: -1, 36: -1, 37: 1, 38: 1, 39: 1, 40: -1}, energy=-100.93000000000008, num_occurrences=1, chain_break_fraction=0.0), Ground state energy: -100.93000000000008
sampleset info: {'timing': {'qpu_sampling_time': 325800.0, 'qpu_anneal_time_per_sample': 500.0, 'qpu_readout_time_per_sample': 131.06, 'qpu_access_time': 341555.57, 'qpu_access_overhead_time': 3385.43, 'qpu_programming_time': 15755.57, 'qpu_delay_time_per_sample': 20.54, 'total_post_processing_time': 593.0, 'post_processing_overhead_time': 593.0}, 'problem_id': 'ee2edb75-97c4-4571-90c7-393512ffacb5'}
sampleset record: [[-1 -1 -1 ... -1 -1  1]
 [ 1  1  1 ...  1  1 -1]
 [-1  1  1 ...  1  1 -1]
 ...
 [ 1  1  1 ...  1  1 -1]
 [ 1 -1  1 ... -1 -1 -1]
 [-1 -1  1 ... -1 -1  1]]
sampleset energy: [-100.93 -100.93 -100.93 -100.51 -100.51 -100.51 -100.51 -100.05 -100.05
 -100.05  -99.73  -99.73  -99.73  -99.53  -99.53  -99.53  -99.53  -99.27
  -99.27  -99.27  -99.25  -99.25  -99.25  -99.15  -99.15  -99.09  -99.09
  -99.09  -99.03  -99.03  -98.85  -98.85  -98.83  -98.83  -98.67  -98.67
  -98.67  -98.53  -98.53  -98.53  -98.49  -98.41  -98.41  -98.29  -98.29
  -98.25  -98.25  -98.21  -98.17  -91.57 -100.51 -100.51  -98.03  -98.03
  -97.89  -97.89  -97.89  -97.89  -97.89  -97.81  -97.81  -97.75  -97.75
  -97.67  -97.67 -100.93  -97.57  -97.57  -97.49  -97.49  -97.45 -100.93
  -97.29  -97.09  -97.09  -97.07  -97.07  -96.99  -96.85  -96.85  -99.27
  -96.79  -96.79  -96.77  -91.83  -96.61  -96.53  -96.47  -99.25  -99.25
  -96.37  -96.37  -96.29  -96.29  -96.27  -96.27  -96.15  -96.13  -96.13
  -96.13  -95.69  -96.03  -96.03  -96.03  -95.93  -95.85  -99.73  -95.81
  -95.69  -95.61  -95.61  -95.59  -98.03  -95.53  -95.53  -95.49  -97.89
  -95.41  -95.37  -95.31  -95.27  -99.09  -95.17  -95.17  -97.57  -95.11
  -94.89  -94.83  -94.77  -94.61  -95.17  -94.49  -94.49  -94.47  -94.45
  -94.41  -94.39  -97.89 -100.05  -96.59  -94.17  -94.13  -99.09  -94.11
  -93.77  -99.73  -94.05  -94.03  -91.03  -93.79  -93.73  -93.67  -93.67
  -93.67  -93.61  -96.85  -93.43  -93.41  -93.39  -93.35  -93.35  -98.29
  -93.09  -93.05  -93.05  -93.01  -92.89  -92.89  -92.63  -92.57  -98.83
  -92.31  -92.29  -98.67  -93.49  -99.73  -91.97  -91.93  -91.91  -91.87
  -93.49  -91.83  -95.13  -97.29  -95.47  -91.71 -100.05  -91.61  -88.37
  -88.37  -91.01  -90.91  -95.47  -90.83  -96.53  -90.79  -90.73  -94.19
  -90.65  -90.65  -90.55  -90.51  -90.51  -90.35  -90.33  -90.27  -90.25
  -90.25  -90.25  -90.21  -90.19  -90.11  -90.09  -90.09  -90.07  -86.83
  -91.25  -90.01  -89.91  -89.91  -89.83  -89.83  -89.73  -89.71  -89.67
  -89.61  -97.67  -89.47  -89.39  -89.33  -89.33  -89.31  -89.31  -89.29
  -90.41  -89.17  -89.15  -89.07  -89.07  -85.71  -89.05  -89.03  -89.01
  -93.97  -88.45  -90.31  -88.87  -88.87  -88.77  -88.63  -88.61  -88.61
  -88.51  -88.49  -96.85  -88.43  -88.31  -83.99  -88.15  -88.09  -87.83
  -87.81  -87.77  -87.75  -87.39  -87.39  -87.37  -97.81  -92.23  -86.71
  -96.77  -87.11  -87.09  -87.03  -86.91  -86.85  -93.69  -86.75  -86.67
  -86.67  -96.03  -86.47  -86.45  -86.43  -83.19  -86.37  -86.35  -86.09
  -86.07  -85.97  -85.83  -86.17  -90.63  -85.63  -92.65  -85.45  -85.41
  -87.83  -90.25  -85.35  -85.23  -82.47  -84.95  -80.29  -84.77  -84.67
  -84.63  -84.63  -84.35  -89.25  -84.25  -83.75  -83.61  -83.51  -83.41
  -83.41  -89.21  -83.15  -84.69  -82.99  -82.91 -100.51  -84.89  -82.61
  -82.41  -82.23  -81.87  -86.27  -91.77  -81.55  -81.15  -96.03  -80.57
  -81.57  -80.51  -80.23  -84.95  -88.43  -80.01  -79.77  -79.73  -81.43
  -79.69  -88.37  -78.63  -79.27  -90.25  -79.47  -81.03  -77.09  -82.11
  -76.49  -75.97  -79.13  -91.83  -76.51  -74.77  -73.27  -72.09  -96.27
  -90.57  -79.47]
Chain strength: 5.0517254158757385, Ground state probability: 0.036
Ground state is: Sample(sample={0: -1, 1: -1, 2: -1, 3: 1, 4: 1, 5: -1, 6: -1, 7: -1, 8: -1, 9: 1, 10: 1, 11: 1, 12: -1, 13: 1, 14: -1, 15: -1, 16: -1, 17: -1, 18: -1, 19: 1, 20: 1, 21: 1, 22: -1, 23: -1, 24: 1, 25: -1, 26: -1, 27: 1, 28: -1, 29: 1, 30: -1, 31: 1, 32: -1, 33: 1, 34: -1, 35: 1, 36: 1, 37: -1, 38: -1, 39: -1, 40: 1}, energy=-100.93000000000008, num_occurrences=1, chain_break_fraction=0.0), Ground state energy: -100.93000000000008
sampleset info: {'timing': {'qpu_sampling_time': 314580.0, 'qpu_anneal_time_per_sample': 500.0, 'qpu_readout_time_per_sample': 108.62, 'qpu_access_time': 330335.57, 'qpu_access_overhead_time': 1092.43, 'qpu_programming_time': 15755.57, 'qpu_delay_time_per_sample': 20.54, 'total_post_processing_time': 1846.0, 'post_processing_overhead_time': 1846.0}, 'problem_id': 'a7aca08f-7444-4945-a4fb-710843aa939f'}
sampleset record: [[-1 -1 -1 ... -1 -1  1]
 [ 1 -1 -1 ... -1 -1  1]
 [ 1 -1  1 ... -1 -1  1]
 ...
 [ 1 -1 -1 ... -1  1 -1]
 [ 1 -1 -1 ... -1 -1  1]
 [-1 -1 -1 ... -1 -1  1]]
sampleset energy: [-100.93 -100.93 -100.51 -100.51 -100.05 -100.05  -99.73  -99.73  -99.53
  -99.53  -99.27  -99.27  -99.27  -99.27  -99.15  -99.15  -99.09  -99.09
  -99.03  -99.03  -98.85  -98.85  -98.85  -98.85  -98.83  -98.83  -98.53
  -98.53  -98.49  -98.41  -98.41  -98.29  -98.25  -98.25  -98.21  -98.21
  -98.17  -98.17  -98.03  -98.03  -97.89  -97.89  -97.89  -97.81  -97.81
  -97.75  -97.75  -97.75  -97.75  -97.67  -97.67  -97.57  -97.57  -97.49
  -97.49  -97.29  -97.29  -97.09  -97.09  -97.09  -97.07  -97.07  -96.99
  -96.85  -96.85  -96.85  -96.79  -96.77  -96.69  -96.53  -97.67  -96.39
  -96.35  -96.15  -96.15  -96.13  -96.13  -96.03  -96.03  -96.01  -95.93
  -95.93  -91.61  -95.85  -95.85  -95.83  -95.81  -95.81  -95.61  -95.51
  -95.49  -95.49  -95.49  -95.43  -95.43  -95.37  -95.93  -95.31  -95.31
  -95.31  -95.09  -95.09  -95.05  -99.53  -94.93  -94.93  -94.89  -98.03
  -98.03  -94.81  -94.79  -94.79  -94.77  -94.57  -94.57  -99.03  -94.45
  -94.41  -94.37  -94.35  -94.35  -94.29  -94.29  -94.29  -94.25  -94.23
  -94.21  -94.19  -94.19  -94.15  -94.11  -94.11  -94.11  -94.07  -94.05
  -94.03  -93.97  -93.95  -93.87  -93.83  -93.83  -93.83  -93.77  -93.71
  -93.69  -93.67  -93.67  -99.53  -93.53  -93.41  -92.41  -93.35  -93.35
  -93.29  -93.17 -100.05  -93.11  -93.11  -93.07  -93.07  -93.07  -93.07
  -93.07  -92.95  -92.93  -92.89  -92.87  -92.83  -92.79  -92.67  -98.53
  -90.41  -92.47  -93.07  -95.49  -92.29  -92.29  -92.25  -92.23  -92.15
  -92.15  -96.15 -100.05  -92.03  -91.97  -91.95  -91.65  -91.85  -91.85
  -91.71  -91.69  -91.65  -91.51  -98.03  -91.47  -91.37  -91.07  -98.25
  -90.97  -94.05  -90.87  -88.33  -90.73  -90.55  -90.53  -90.53  -90.39
  -90.37  -90.37  -92.27  -90.33  -99.03  -90.25  -97.09  -90.21  -90.21
  -90.17  -90.11  -90.09  -90.07  -90.07  -90.03  -89.99  -89.83  -89.79
  -89.77  -89.75  -89.59  -89.45  -88.15  -89.33  -89.31  -89.31  -89.29
  -89.29  -89.25  -89.23  -89.15  -89.07  -89.05  -89.03  -88.95  -88.83
  -88.79  -88.77  -88.73  -88.69  -88.67  -88.67  -88.65  -89.15  -88.61
  -88.51  -88.51  -88.49  -88.49  -88.49  -89.33  -88.41  -88.87  -88.29
  -98.83  -88.11  -88.51  -87.97  -87.95  -87.89  -87.87  -87.85  -88.79
  -87.73  -87.69  -87.55  -92.35  -87.53  -87.45  -87.39  -87.37  -87.27
  -87.23  -87.15  -87.05  -86.99  -86.99  -99.03  -86.87  -86.79  -86.75
  -86.65  -86.61  -88.13  -96.13  -86.49  -86.47  -86.35  -86.31  -97.75
  -86.15  -85.97  -85.93  -85.83  -93.83  -85.65  -98.21  -98.25  -85.49
  -85.43  -90.51  -85.21  -98.25  -85.17  -84.89  -84.69  -84.59  -84.51
  -84.43  -84.43  -84.43  -84.37  -84.21  -86.07  -84.01  -95.31  -83.83
  -90.05  -90.17  -93.67  -90.57  -83.17  -83.09  -87.57  -82.89  -86.31
  -82.79  -82.77  -89.87  -82.57  -82.49  -82.39  -82.37  -82.31  -82.19
  -82.09  -82.31  -81.57  -81.55  -81.03  -81.01  -81.23  -80.95  -80.83
  -81.23  -80.53  -80.51  -80.41  -80.91  -91.03  -79.79  -92.33  -79.07
  -78.95  -78.91  -89.99  -78.67  -78.37  -78.01  -77.95  -77.45  -78.39
  -77.15  -78.11  -74.79  -74.75  -74.53  -86.99  -73.57  -78.55  -80.23
  -96.13  -74.11]
Chain strength: 5.0517254158757385, Ground state probability: 0.008
Ground state is: Sample(sample={0: -1, 1: -1, 2: -1, 3: 1, 4: 1, 5: -1, 6: -1, 7: -1, 8: -1, 9: 1, 10: 1, 11: 1, 12: -1, 13: 1, 14: -1, 15: -1, 16: -1, 17: -1, 18: -1, 19: 1, 20: 1, 21: 1, 22: -1, 23: -1, 24: 1, 25: -1, 26: -1, 27: 1, 28: -1, 29: 1, 30: -1, 31: 1, 32: -1, 33: 1, 34: -1, 35: 1, 36: 1, 37: -1, 38: -1, 39: -1, 40: 1}, energy=-100.93000000000008, num_occurrences=1, chain_break_fraction=0.0), Ground state energy: -100.93000000000008
