1 2 -0.09
1 3 -0.22
1 4 0.81
1 5 0.51
1 6 0.28
1 7 -0.6
1 8 0.13
1 9 0.44
1 10 -0.78
1 11 0.53
1 12 0.32
1 13 0.13
1 14 -0.26
1 15 0.57
1 16 0.97
1 17 -0.56
1 18 -0.92
1 19 -0.86
1 20 -0.75
1 21 0.59
1 22 -0.76
1 23 -0.64
1 24 0.17
1 25 -0.78
1 26 0.56
1 27 0.43
1 28 -0.51
1 29 0.37
1 30 -0.38
1 31 0.17
1 32 0.53
1 33 0.81
1 34 0.72
1 35 -0.8
1 36 -0.83
1 37 -0.35
1 38 0.01
1 39 -0.19
1 40 -0.01
1 41 -0.99
1 42 0.83
1 43 -0.13
1 44 -0.0
1 45 0.92
1 46 -0.71
1 47 -0.29
1 48 0.31
1 49 -0.34
1 50 0.0
2 3 0.77
2 4 0.65
2 5 -0.73
2 6 0.39
2 7 0.49
2 8 -0.69
2 9 -0.49
2 10 0.8
2 11 0.12
2 12 0.18
2 13 0.74
2 14 0.58
2 15 0.73
2 16 0.69
2 17 0.33
2 18 0.43
2 19 -0.05
2 20 -0.47
2 21 0.97
2 22 0.07
2 23 0.14
2 24 0.57
2 25 0.0
2 26 0.04
2 27 -0.22
2 28 -0.86
2 29 -0.97
2 30 0.97
2 31 0.26
2 32 0.18
2 33 -0.8
2 34 -0.38
2 35 0.9
2 36 0.08
2 37 -0.06
2 38 0.43
2 39 -0.89
2 40 -0.51
2 41 -0.61
2 42 0.12
2 43 0.03
2 44 -0.75
2 45 0.33
2 46 0.23
2 47 0.31
2 48 0.17
2 49 -0.86
2 50 0.31
3 4 0.58
3 5 0.95
3 6 -0.38
3 7 0.65
3 8 -0.6
3 9 0.18
3 10 -0.67
3 11 0.41
3 12 -0.37
3 13 0.73
3 14 0.82
3 15 -0.08
3 16 0.65
3 17 0.53
3 18 -0.27
3 19 0.65
3 20 -0.59
3 21 0.13
3 22 -0.76
3 23 -0.65
3 24 0.7
3 25 -0.03
3 26 0.22
3 27 -0.17
3 28 0.98
3 29 -0.25
3 30 0.02
3 31 -0.51
3 32 -0.8
3 33 -0.9
3 34 0.71
3 35 0.23
3 36 -1.0
3 37 0.47
3 38 0.33
3 39 0.55
3 40 0.64
3 41 0.21
3 42 -0.28
3 43 -0.16
3 44 0.49
3 45 -0.49
3 46 0.2
3 47 -0.73
3 48 0.31
3 49 -0.4
3 50 0.87
4 5 0.18
4 6 0.49
4 7 0.55
4 8 0.51
4 9 0.4
4 10 -0.04
4 11 -0.4
4 12 -0.84
4 13 0.58
4 14 -0.66
4 15 0.42
4 16 0.4
4 17 -0.39
4 18 -0.75
4 19 0.74
4 20 -0.33
4 21 0.11
4 22 0.29
4 23 -0.98
4 24 0.44
4 25 0.41
4 26 0.63
4 27 -0.86
4 28 0.57
4 29 -0.36
4 30 -0.89
4 31 -0.21
4 32 -0.03
4 33 0.83
4 34 -0.79
4 35 -0.24
4 36 -0.56
4 37 -0.55
4 38 0.05
4 39 -0.12
4 40 -0.06
4 41 -0.97
4 42 -0.59
4 43 0.43
4 44 -0.8
4 45 0.94
4 46 0.06
4 47 0.17
4 48 0.56
4 49 -0.55
4 50 -0.6
5 6 0.26
5 7 0.92
5 8 -0.22
5 9 -0.32
5 10 -0.61
5 11 -0.48
5 12 0.35
5 13 -0.58
5 14 -0.82
5 15 -0.39
5 16 -0.63
5 17 -0.43
5 18 -0.24
5 19 -0.35
5 20 0.31
5 21 0.6
5 22 -0.8
5 23 0.27
5 24 -0.68
5 25 -0.79
5 26 0.88
5 27 -0.11
5 28 -0.41
5 29 -0.02
5 30 0.41
5 31 -0.43
5 32 0.44
5 33 -0.07
5 34 -0.07
5 35 0.9
5 36 -0.59
5 37 0.77
5 38 -0.5
5 39 0.36
5 40 0.48
5 41 -0.04
5 42 0.45
5 43 0.57
5 44 -0.35
5 45 -0.64
5 46 -0.06
5 47 -0.63
5 48 0.83
5 49 -0.35
5 50 0.4
6 7 -0.16
6 8 0.84
6 9 0.6
6 10 -0.31
6 11 0.87
6 12 -0.43
6 13 -0.3
6 14 -0.97
6 15 0.07
6 16 -0.83
6 17 -0.39
6 18 -0.43
6 19 -0.11
6 20 -0.74
6 21 -0.67
6 22 -0.31
6 23 0.05
6 24 -0.33
6 25 0.67
6 26 0.39
6 27 0.37
6 28 0.25
6 29 0.11
6 30 -0.88
6 31 -0.72
6 32 -0.77
6 33 0.12
6 34 -0.85
6 35 0.75
6 36 -0.12
6 37 -0.08
6 38 -0.56
6 39 -0.26
6 40 0.82
6 41 0.42
6 42 0.92
6 43 -0.25
6 44 -0.01
6 45 -0.29
6 46 0.21
6 47 -0.11
6 48 0.96
6 49 0.93
6 50 0.49
7 8 0.6
7 9 -0.88
7 10 -0.2
7 11 0.55
7 12 0.22
7 13 -0.03
7 14 0.56
7 15 0.79
7 16 -0.05
7 17 -0.27
7 18 0.99
7 19 -0.49
7 20 0.46
7 21 0.22
7 22 -0.9
7 23 0.92
7 24 0.02
7 25 -0.46
7 26 0.13
7 27 0.06
7 28 0.62
7 29 0.98
7 30 0.88
7 31 0.88
7 32 0.52
7 33 -0.82
7 34 0.67
7 35 0.65
7 36 -0.5
7 37 -0.46
7 38 -0.18
7 39 0.5
7 40 -1.0
7 41 0.25
7 42 -0.83
7 43 0.25
7 44 0.44
7 45 0.54
7 46 -0.5
7 47 0.62
7 48 0.61
7 49 -0.97
7 50 -0.07
8 9 0.12
8 10 0.34
8 11 0.8
8 12 0.0
8 13 0.47
8 14 0.64
8 15 -0.65
8 16 0.55
8 17 0.86
8 18 0.03
8 19 -0.46
8 20 -0.24
8 21 0.96
8 22 0.85
8 23 -0.39
8 24 -0.13
8 25 -0.17
8 26 0.22
8 27 0.28
8 28 0.91
8 29 -0.31
8 30 -0.82
8 31 0.02
8 32 -0.16
8 33 0.05
8 34 0.64
8 35 -0.11
8 36 0.66
8 37 -0.3
8 38 -0.18
8 39 0.86
8 40 0.03
8 41 -0.52
8 42 -0.38
8 43 -0.68
8 44 0.2
8 45 -0.38
8 46 -0.72
8 47 0.77
8 48 0.5
8 49 0.79
8 50 -0.22
9 10 0.78
9 11 0.4
9 12 0.49
9 13 -0.74
9 14 0.22
9 15 -0.47
9 16 -0.08
9 17 0.56
9 18 -0.04
9 19 0.3
9 20 0.67
9 21 -0.26
9 22 -0.91
9 23 -0.07
9 24 0.37
9 25 -1.0
9 26 -0.11
9 27 -0.21
9 28 0.17
9 29 -0.43
9 30 0.17
9 31 0.75
9 32 0.09
9 33 0.18
9 34 0.28
9 35 -0.25
9 36 -0.78
9 37 0.67
9 38 0.92
9 39 -0.56
9 40 0.29
9 41 -0.86
9 42 -0.28
9 43 -0.86
9 44 -0.91
9 45 -0.48
9 46 0.86
9 47 -0.76
9 48 0.98
9 49 -0.71
9 50 -0.75
10 11 -0.55
10 12 -0.42
10 13 -0.89
10 14 0.5
10 15 -0.38
10 16 0.78
10 17 -0.71
10 18 0.27
10 19 -0.7
10 20 0.68
10 21 -0.19
10 22 -0.06
10 23 -0.32
10 24 0.34
10 25 -0.21
10 26 -0.77
10 27 -0.38
10 28 0.47
10 29 -0.32
10 30 -0.49
10 31 0.52
10 32 -0.75
10 33 -0.56
10 34 -0.61
10 35 -0.61
10 36 -0.5
10 37 0.43
10 38 0.94
10 39 -0.27
10 40 -0.26
10 41 -0.37
10 42 -0.06
10 43 -0.93
10 44 -0.28
10 45 -0.66
10 46 -0.36
10 47 -0.14
10 48 -0.93
10 49 0.09
10 50 -0.69
11 12 0.7
11 13 0.07
11 14 -0.58
11 15 -0.23
11 16 0.62
11 17 -0.25
11 18 0.59
11 19 0.74
11 20 0.67
11 21 -0.83
11 22 -0.82
11 23 -0.38
11 24 -0.79
11 25 0.64
11 26 -0.98
11 27 0.9
11 28 -0.6
11 29 -0.86
11 30 -0.42
11 31 0.37
11 32 -0.22
11 33 -0.07
11 34 0.95
11 35 -0.39
11 36 0.78
11 37 -0.04
11 38 0.75
11 39 0.16
11 40 0.19
11 41 0.21
11 42 0.67
11 43 0.97
11 44 -0.95
11 45 -0.55
11 46 -0.54
11 47 -0.77
11 48 0.75
11 49 0.26
11 50 -0.77
12 13 -0.84
12 14 0.74
12 15 -0.97
12 16 0.36
12 17 -0.87
12 18 0.58
12 19 0.54
12 20 0.04
12 21 -0.47
12 22 -0.83
12 23 -0.57
12 24 0.59
12 25 -0.82
12 26 0.56
12 27 -0.68
12 28 0.96
12 29 0.96
12 30 -0.33
12 31 0.51
12 32 0.33
12 33 0.49
12 34 0.53
12 35 -0.86
12 36 0.75
12 37 -0.95
12 38 -0.08
12 39 0.49
12 40 0.35
12 41 0.82
12 42 -0.79
12 43 0.75
12 44 0.06
12 45 0.64
12 46 -0.45
12 47 0.72
12 48 0.19
12 49 -0.38
12 50 -0.16
13 14 -0.01
13 15 -0.22
13 16 -0.42
13 17 0.54
13 18 -0.3
13 19 0.11
13 20 -0.34
13 21 0.09
13 22 0.57
13 23 0.22
13 24 -0.74
13 25 0.27
13 26 -0.7
13 27 -0.81
13 28 -0.74
13 29 -0.73
13 30 -0.65
13 31 -0.49
13 32 0.1
13 33 -0.25
13 34 0.87
13 35 0.14
13 36 -0.16
13 37 0.67
13 38 -0.7
13 39 0.23
13 40 -0.67
13 41 -0.31
13 42 -0.29
13 43 0.09
13 44 -0.7
13 45 0.52
13 46 -0.05
13 47 0.91
13 48 -0.24
13 49 0.13
13 50 -0.77
14 15 -0.15
14 16 0.91
14 17 -0.46
14 18 0.28
14 19 0.51
14 20 0.64
14 21 -0.36
14 22 -0.82
14 23 0.15
14 24 -0.5
14 25 -0.43
14 26 0.68
14 27 -0.51
14 28 -0.01
14 29 -0.87
14 30 0.44
14 31 0.77
14 32 -0.04
14 33 0.38
14 34 -0.96
14 35 0.73
14 36 0.17
14 37 -0.55
14 38 0.29
14 39 0.58
14 40 -0.63
14 41 0.82
14 42 -0.38
14 43 -0.45
14 44 0.94
14 45 -0.88
14 46 0.26
14 47 0.41
14 48 0.5
14 49 -0.67
14 50 -0.66
15 16 0.99
15 17 -0.28
15 18 -0.23
15 19 -0.1
15 20 -0.44
15 21 0.73
15 22 -0.23
15 23 0.65
15 24 0.25
15 25 -0.52
15 26 -0.74
15 27 0.63
15 28 0.53
15 29 -0.62
15 30 0.62
15 31 -0.43
15 32 0.03
15 33 0.63
15 34 -0.38
15 35 0.62
15 36 0.98
15 37 -0.91
15 38 0.61
15 39 0.32
15 40 -0.31
15 41 0.2
15 42 -0.06
15 43 0.7
15 44 -0.54
15 45 -0.33
15 46 0.53
15 47 0.16
15 48 0.72
15 49 0.31
15 50 0.38
16 17 -0.69
16 18 -0.43
16 19 0.95
16 20 -0.08
16 21 0.59
16 22 -0.57
16 23 -0.88
16 24 0.26
16 25 0.35
16 26 -0.87
16 27 0.72
16 28 -0.67
16 29 -0.68
16 30 -0.19
16 31 0.21
16 32 0.88
16 33 0.89
16 34 0.17
16 35 0.85
16 36 0.1
16 37 -0.71
16 38 -0.2
16 39 -0.05
16 40 0.12
16 41 0.09
16 42 -0.41
16 43 0.34
16 44 0.45
16 45 0.08
16 46 -0.31
16 47 -0.67
16 48 0.32
16 49 0.66
16 50 -0.93
17 18 0.69
17 19 0.41
17 20 0.75
17 21 0.7
17 22 0.44
17 23 -0.66
17 24 -0.18
17 25 0.32
17 26 0.01
17 27 0.08
17 28 -0.17
17 29 0.69
17 30 0.95
17 31 -0.84
17 32 0.16
17 33 -0.29
17 34 -0.95
17 35 -0.99
17 36 0.35
17 37 -0.72
17 38 -0.18
17 39 -0.92
17 40 -0.26
17 41 0.66
17 42 0.75
17 43 -0.24
17 44 -0.88
17 45 -0.08
17 46 0.52
17 47 -0.04
17 48 -0.15
17 49 -0.8
17 50 -0.02
18 19 -0.04
18 20 -0.11
18 21 -0.97
18 22 -0.9
18 23 -0.51
18 24 -0.3
18 25 -1.0
18 26 -0.99
18 27 -0.59
18 28 0.01
18 29 0.43
18 30 -0.27
18 31 0.62
18 32 -0.62
18 33 0.87
18 34 0.13
18 35 0.22
18 36 -0.68
18 37 0.5
18 38 0.23
18 39 -0.08
18 40 0.62
18 41 -0.82
18 42 0.87
18 43 -0.9
18 44 -0.06
18 45 -0.63
18 46 -0.43
18 47 -0.79
18 48 -0.67
18 49 0.19
18 50 -0.16
19 20 0.8
19 21 0.67
19 22 0.13
19 23 0.31
19 24 -0.12
19 25 0.31
19 26 0.52
19 27 0.97
19 28 -0.05
19 29 -0.22
19 30 -0.05
19 31 0.04
19 32 -1.0
19 33 -0.44
19 34 -0.11
19 35 -0.12
19 36 0.8
19 37 -0.12
19 38 0.85
19 39 -0.59
19 40 0.68
19 41 0.88
19 42 0.53
19 43 -0.23
19 44 0.9
19 45 0.61
19 46 0.75
19 47 -0.1
19 48 0.02
19 49 0.54
19 50 -0.26
20 21 -0.53
20 22 -0.89
20 23 0.46
20 24 -0.78
20 25 -0.08
20 26 0.74
20 27 -0.93
20 28 0.88
20 29 -0.55
20 30 -0.58
20 31 -0.61
20 32 -0.28
20 33 0.47
20 34 0.96
20 35 0.68
20 36 -0.29
20 37 0.18
20 38 0.73
20 39 0.91
20 40 -0.8
20 41 0.06
20 42 0.83
20 43 -0.19
20 44 0.63
20 45 -0.85
20 46 -0.73
20 47 0.01
20 48 -0.26
20 49 -0.68
20 50 0.21
21 22 -0.07
21 23 -0.03
21 24 -0.07
21 25 0.25
21 26 0.14
21 27 0.53
21 28 0.21
21 29 0.69
21 30 -0.65
21 31 -0.04
21 32 0.03
21 33 0.72
21 34 -0.53
21 35 -0.05
21 36 -0.01
21 37 0.11
21 38 -0.25
21 39 -0.95
21 40 0.17
21 41 -0.73
21 42 0.89
21 43 0.81
21 44 0.92
21 45 -0.96
21 46 0.9
21 47 0.43
21 48 0.54
21 49 -0.17
21 50 -0.37
22 23 0.57
22 24 -0.65
22 25 0.59
22 26 0.18
22 27 -0.04
22 28 0.8
22 29 0.38
22 30 0.39
22 31 -0.52
22 32 0.77
22 33 0.48
22 34 -0.05
22 35 -0.73
22 36 0.52
22 37 0.06
22 38 0.96
22 39 -0.55
22 40 -0.99
22 41 -0.32
22 42 0.1
22 43 -0.17
22 44 0.53
22 45 -0.35
22 46 0.68
22 47 -0.29
22 48 0.24
22 49 0.56
22 50 -0.42
23 24 -0.58
23 25 0.38
23 26 0.32
23 27 -0.85
23 28 -0.4
23 29 -0.72
23 30 0.5
23 31 -0.72
23 32 -0.33
23 33 -0.33
23 34 -0.32
23 35 -0.23
23 36 -0.38
23 37 0.77
23 38 0.4
23 39 -0.47
23 40 0.37
23 41 0.27
23 42 -0.72
23 43 -0.61
23 44 -0.56
23 45 -0.13
23 46 0.3
23 47 -0.85
23 48 -0.67
23 49 0.35
23 50 0.37
24 25 0.29
24 26 0.52
24 27 -0.04
24 28 -0.58
24 29 -0.61
24 30 -0.99
24 31 0.67
24 32 -0.45
24 33 0.1
24 34 0.08
24 35 0.87
24 36 0.75
24 37 0.96
24 38 0.69
24 39 -0.39
24 40 0.25
24 41 -0.21
24 42 -0.26
24 43 -0.14
24 44 0.72
24 45 0.9
24 46 0.97
24 47 -0.14
24 48 0.07
24 49 0.16
24 50 0.46
25 26 -0.52
25 27 -0.25
25 28 0.37
25 29 0.27
25 30 -0.46
25 31 -0.12
25 32 -0.03
25 33 -0.04
25 34 -0.44
25 35 0.98
25 36 -0.05
25 37 0.18
25 38 0.26
25 39 -0.74
25 40 0.99
25 41 0.33
25 42 -0.67
25 43 -0.15
25 44 0.13
25 45 0.53
25 46 0.37
25 47 -0.04
25 48 0.82
25 49 -0.18
25 50 -0.06
26 27 0.64
26 28 0.13
26 29 0.47
26 30 -0.98
26 31 -0.02
26 32 0.37
26 33 -0.4
26 34 -0.21
26 35 -0.2
26 36 -0.29
26 37 0.99
26 38 0.98
26 39 0.72
26 40 0.88
26 41 0.16
26 42 -0.32
26 43 0.85
26 44 -0.81
26 45 -0.19
26 46 0.84
26 47 -0.54
26 48 0.69
26 49 -0.66
26 50 0.63
27 28 -0.19
27 29 -0.18
27 30 0.26
27 31 -0.2
27 32 -0.86
27 33 -0.55
27 34 -0.22
27 35 0.53
27 36 0.55
27 37 -0.38
27 38 -0.1
27 39 -0.16
27 40 -0.29
27 41 -0.82
27 42 -0.14
27 43 0.37
27 44 -0.86
27 45 0.51
27 46 0.7
27 47 0.69
27 48 0.82
27 49 -0.06
27 50 -0.72
28 29 -0.46
28 30 -0.65
28 31 -0.96
28 32 -0.29
28 33 0.58
28 34 -0.3
28 35 -0.89
28 36 0.87
28 37 -0.17
28 38 0.78
28 39 0.76
28 40 0.8
28 41 -0.09
28 42 -0.64
28 43 -0.29
28 44 -0.71
28 45 -0.32
28 46 -0.95
28 47 -0.93
28 48 -0.75
28 49 -0.09
28 50 0.04
29 30 -0.21
29 31 0.5
29 32 -0.78
29 33 0.8
29 34 0.4
29 35 0.53
29 36 -0.36
29 37 0.38
29 38 0.04
29 39 -0.62
29 40 0.62
29 41 0.89
29 42 0.34
29 43 -0.74
29 44 -0.7
29 45 -0.06
29 46 0.58
29 47 -0.96
29 48 -0.57
29 49 -0.4
29 50 -0.57
30 31 -0.17
30 32 0.63
30 33 0.01
30 34 0.8
30 35 -0.55
30 36 -0.39
30 37 0.73
30 38 0.99
30 39 -0.23
30 40 -0.26
30 41 0.77
30 42 -0.86
30 43 -0.85
30 44 0.34
30 45 0.59
30 46 -0.27
30 47 0.26
30 48 -0.77
30 49 0.0
30 50 0.26
31 32 0.99
31 33 0.84
31 34 -0.85
31 35 -0.28
31 36 0.08
31 37 -0.54
31 38 -0.14
31 39 0.72
31 40 -0.07
31 41 -0.56
31 42 0.18
31 43 -0.77
31 44 -0.63
31 45 0.48
31 46 -0.16
31 47 -0.6
31 48 0.52
31 49 -0.21
31 50 -0.54
32 33 -0.13
32 34 -0.94
32 35 0.7
32 36 0.32
32 37 0.53
32 38 -0.16
32 39 0.8
32 40 -0.11
32 41 0.96
32 42 -0.93
32 43 0.73
32 44 -0.93
32 45 -0.15
32 46 -0.76
32 47 -0.16
32 48 0.3
32 49 -0.82
32 50 0.09
33 34 0.32
33 35 0.46
33 36 0.25
33 37 0.8
33 38 0.63
33 39 0.64
33 40 0.43
33 41 0.16
33 42 0.17
33 43 -0.05
33 44 0.09
33 45 -0.85
33 46 -0.04
33 47 -0.65
33 48 0.33
33 49 0.86
33 50 0.27
34 35 -0.76
34 36 -0.11
34 37 -0.76
34 38 -0.72
34 39 -0.85
34 40 0.54
34 41 0.83
34 42 -0.99
34 43 -0.07
34 44 -0.97
34 45 -0.99
34 46 -0.77
34 47 -0.31
34 48 -0.79
34 49 0.72
34 50 0.41
35 36 -0.73
35 37 -0.74
35 38 0.21
35 39 -0.5
35 40 -0.59
35 41 0.29
35 42 -0.88
35 43 0.77
35 44 -0.07
35 45 -0.06
35 46 0.13
35 47 0.14
35 48 0.25
35 49 0.55
35 50 -0.01
36 37 -0.29
36 38 0.06
36 39 -0.58
36 40 -0.08
36 41 -0.51
36 42 -0.1
36 43 0.35
36 44 0.98
36 45 0.25
36 46 -0.65
36 47 0.49
36 48 0.21
36 49 -0.47
36 50 -0.06
37 38 0.41
37 39 0.57
37 40 0.02
37 41 0.27
37 42 0.07
37 43 0.87
37 44 0.23
37 45 -0.8
37 46 0.71
37 47 -0.17
37 48 -0.65
37 49 0.27
37 50 0.83
38 39 0.11
38 40 -0.53
38 41 -0.01
38 42 -0.1
38 43 -0.26
38 44 0.91
38 45 0.13
38 46 0.45
38 47 0.56
38 48 -0.72
38 49 -0.82
38 50 0.96
39 40 0.36
39 41 0.56
39 42 0.05
39 43 0.07
39 44 0.97
39 45 0.48
39 46 0.93
39 47 -0.94
39 48 0.99
39 49 0.73
39 50 0.96
40 41 0.25
40 42 -0.76
40 43 0.03
40 44 0.42
40 45 -0.23
40 46 0.2
40 47 -0.59
40 48 -0.83
40 49 0.5
40 50 0.86
41 42 0.91
41 43 -0.45
41 44 -0.7
41 45 -0.76
41 46 0.97
41 47 -0.74
41 48 0.88
41 49 0.35
41 50 0.71
42 43 0.18
42 44 0.05
42 45 -1.0
42 46 0.65
42 47 -0.27
42 48 -0.97
42 49 0.59
42 50 -0.44
43 44 -0.74
43 45 0.47
43 46 0.16
43 47 -0.67
43 48 -0.26
43 49 0.24
43 50 0.4
44 45 -0.71
44 46 -0.31
44 47 -0.03
44 48 -0.24
44 49 0.84
44 50 0.13
45 46 -0.01
45 47 -0.9
45 48 -0.38
45 49 -0.19
45 50 -0.78
46 47 0.87
46 48 -0.5
46 49 -0.59
46 50 -0.33
47 48 0.81
47 49 0.82
47 50 -0.29
48 49 -0.49
48 50 0.13
49 50 -0.25
