------annealing = 1000, numread = 100
sampleset info: {'timing': {'qpu_sampling_time': 136996.0, 'qpu_anneal_time_per_sample': 1000.0, 'qpu_readout_time_per_sample': 349.42, 'qpu_access_time': 147983.91, 'qpu_access_overhead_time': 1115.09, 'qpu_programming_time': 10987.91, 'qpu_delay_time_per_sample': 20.54, 'post_processing_overhead_time': 1073.0, 'total_post_processing_time': 1073.0}, 'problem_id': '80882868-2987-4fed-b55b-f711d26e4291', 'embedding_context': {'embedding': {1: (351, 359, 367, 619, 491, 363), 0: (617, 623, 489, 607, 615), 2: (356, 348, 602, 474, 346), 3: (345, 473, 601, 612, 604), 4: (605, 499, 627, 613, 621, 629), 5: (502, 478, 486, 494), 6: (477, 608, 485, 352, 480), 7: (349, 357, 365, 616, 488, 360), 8: (740, 355, 739, 483, 611), 9: (350, 618, 358, 366, 490, 362), 10: (354, 610, 738, 482), 11: (606, 622, 481, 609, 614), 12: (498, 500, 476, 484, 492), 13: (487, 479, 603, 347, 475), 14: (742, 600, 472, 728, 344, 734)}, 'chain_break_method': 'majority_vote', 'embedding_parameters': {}, 'chain_strength': 2.6936249017097964}, 'warnings': []} 
sampleset record: [[ 1  1 -1 -1 -1 -1 -1  1 -1  1 -1 -1 -1  1 -1]
 [-1 -1  1  1  1  1  1 -1  1 -1  1  1  1 -1  1]
 [-1  1 -1 -1  1 -1  1 -1 -1  1  1 -1 -1 -1  1]
 [ 1 -1  1  1 -1  1 -1  1  1 -1 -1  1  1  1 -1]
 [-1  1  1  1  1  1  1 -1  1 -1  1  1  1 -1  1]
 [ 1 -1 -1 -1 -1 -1 -1  1 -1  1 -1 -1 -1  1 -1]
 [ 1 -1  1  1  1  1 -1  1  1  1 -1 -1  1  1 -1]
 [-1  1 -1 -1 -1 -1  1 -1 -1 -1  1  1 -1 -1  1]
 [-1  1 -1 -1  1  1  1 -1  1 -1  1  1  1  1  1]
 [ 1 -1  1  1 -1 -1 -1  1 -1  1 -1 -1 -1 -1 -1]
 [-1 -1  1  1 -1  1 -1  1  1 -1  1  1  1 -1 -1]
 [ 1  1 -1 -1  1 -1  1 -1 -1  1 -1 -1 -1  1  1]
 [-1  1 -1 -1 -1 -1  1 -1 -1  1  1 -1 -1 -1  1]
 [-1 -1  1  1  1  1  1 -1  1 -1  1  1  1  1  1]
 [-1  1 -1 -1  1  1  1 -1  1 -1  1  1 -1 -1  1]
 [ 1 -1  1  1 -1 -1 -1  1 -1  1 -1 -1  1  1 -1]
 [ 1  1 -1 -1 -1 -1 -1 -1 -1  1 -1 -1 -1  1 -1]
 [ 1  1 -1 -1  1 -1  1 -1 -1  1  1 -1 -1 -1  1]
 [ 1  1  1 -1 -1 -1 -1 -1 -1  1 -1 -1 -1 -1 -1]
 [-1 -1  1  1 -1  1  1  1  1 -1  1  1  1 -1 -1]
 [ 1  1 -1 -1 -1 -1 -1 -1 -1  1 -1 -1 -1  1  1]
 [-1 -1  1  1  1  1  1  1  1 -1  1  1  1 -1 -1]
 [-1  1  1  1 -1  1  1 -1  1 -1  1  1  1 -1 -1]
 [ 1 -1 -1 -1  1 -1 -1  1 -1  1 -1 -1 -1  1  1]
 [-1  1 -1 -1 -1 -1  1 -1 -1  1  1  1 -1 -1  1]
 [-1 -1  1  1 -1  1  1 -1  1 -1  1  1  1 -1 -1]
 [-1  1 -1 -1  1  1  1 -1  1 -1  1  1  1 -1  1]
 [-1  1 -1  1  1  1  1 -1  1 -1  1  1  1  1  1]
 [ 1 -1  1 -1 -1 -1 -1  1 -1  1 -1 -1 -1 -1 -1]
 [-1 -1  1  1  1  1 -1 -1  1 -1  1  1  1  1  1]
 [-1  1  1  1 -1  1  1 -1  1 -1  1  1  1 -1  1]
 [ 1 -1 -1 -1  1 -1 -1  1 -1  1 -1 -1 -1  1 -1]
 [ 1  1 -1 -1 -1 -1  1 -1 -1  1 -1 -1 -1 -1 -1]
 [-1 -1  1  1  1  1 -1  1  1 -1  1  1  1  1  1]
 [-1 -1  1  1  1  1  1 -1 -1 -1  1  1 -1 -1  1]
 [-1 -1  1  1 -1  1 -1  1 -1 -1  1  1  1 -1 -1]
 [ 1 -1  1 -1 -1 -1 -1 -1 -1  1 -1 -1 -1 -1 -1]
 [ 1 -1  1  1 -1 -1 -1 -1 -1  1 -1 -1 -1 -1 -1]
 [ 1 -1  1  1  1  1 -1  1  1  1 -1 -1  1  1 -1]
 [-1  1  1 -1  1  1  1 -1  1 -1  1  1  1 -1  1]
 [-1  1  1  1 -1  1 -1  1  1 -1  1  1  1 -1 -1]
 [-1  1 -1 -1 -1 -1  1 -1 -1 -1  1 -1 -1 -1  1]
 [-1 -1  1  1 -1  1 -1  1  1 -1  1  1  1  1 -1]
 [-1  1 -1 -1  1 -1  1 -1  1  1  1  1 -1 -1  1]
 [ 1  1 -1 -1  1 -1 -1  1 -1  1 -1 -1 -1  1 -1]
 [ 1  1 -1 -1 -1 -1  1  1 -1  1 -1 -1 -1  1 -1]
 [ 1  1  1  1 -1 -1 -1 -1 -1 -1 -1 -1 -1 -1 -1]
 [-1  1 -1 -1  1  1 -1 -1  1 -1  1  1  1  1  1]
 [ 1 -1 -1 -1 -1 -1 -1  1 -1  1 -1 -1 -1 -1 -1]
 [-1 -1 -1 -1  1 -1  1 -1 -1  1  1  1 -1 -1  1]
 [ 1 -1 -1  1 -1 -1 -1  1 -1  1 -1 -1 -1 -1 -1]
 [ 1  1 -1 -1  1 -1  1  1 -1  1 -1 -1 -1  1 -1]
 [ 1  1 -1 -1 -1 -1 -1  1 -1  1 -1 -1 -1 -1 -1]
 [-1  1 -1  1 -1  1  1 -1 -1 -1  1  1 -1 -1  1]
 [ 1  1 -1 -1  1 -1 -1  1  1  1 -1 -1  1  1 -1]
 [ 1  1  1  1  1 -1  1 -1 -1  1 -1 -1 -1 -1 -1]] 
sampleset energy: [-18.64 -18.64 -18.36 -18.36 -18.   -18.   -17.8  -17.8  -17.76 -17.76
 -17.68 -17.68 -17.48 -17.34 -17.32 -17.32 -15.94 -14.26 -17.   -16.98
 -16.94 -16.94 -16.76 -16.76 -16.54 -16.44 -16.5  -16.42 -16.42 -16.4
 -16.36 -16.36 -16.22 -16.22 -16.02 -15.96 -15.92 -15.9  -17.8  -15.78
 -15.76 -15.7  -15.02 -15.06 -15.16 -15.1  -15.04 -15.02 -14.74 -14.5
 -14.44 -14.14 -17.34 -13.06 -15.9   -9.72] 
Chain strength: 2.6936249017097964, Ground state probability: 0.1
Ground state is: Sample(sample={0: 1, 1: 1, 2: -1, 3: -1, 4: -1, 5: -1, 6: -1, 7: 1, 8: -1, 9: 1, 10: -1, 11: -1, 12: -1, 13: 1, 14: -1}, energy=-18.640000000000008, num_occurrences=5, chain_break_fraction=0.0), Ground state energy: -18.640000000000008
------annealing = 1000, numread = 100
sampleset info: {'timing': {'qpu_sampling_time': 136996.0, 'qpu_anneal_time_per_sample': 1000.0, 'qpu_readout_time_per_sample': 349.42, 'qpu_access_time': 147922.51, 'qpu_access_overhead_time': 1887.49, 'qpu_programming_time': 10926.51, 'qpu_delay_time_per_sample': 20.54, 'post_processing_overhead_time': 1979.0, 'total_post_processing_time': 1979.0}, 'problem_id': '1e1524e2-ef82-4dbf-adb5-583a838aec4f', 'embedding_context': {'embedding': {1: (1892, 2034, 1906, 1900, 1908), 0: (1894, 2035, 1907, 1902, 1910), 2: (1911, 1895, 2026, 1898, 1903), 3: (2033, 1905, 1777, 1782, 1766, 1774), 4: (2014, 2038, 2030, 2022), 5: (1893, 2032, 1904, 1901, 1909), 6: (1767, 2018, 1762, 1890), 7: (1764, 2025, 1897, 1769, 1772), 8: (1637, 1889, 1633, 2017, 1761), 9: (2016, 1888, 1632, 1760), 10: (2008, 2015, 2039, 2031, 2023), 11: (2009, 2013, 2037, 2029, 2021), 12: (1638, 1635, 1763, 2019, 1891), 13: (1899, 1765, 1773, 2027, 1771), 14: (2020, 2036, 2024, 2028)}, 'chain_break_method': 'majority_vote', 'embedding_parameters': {}, 'chain_strength': 2.6936249017097964}, 'warnings': []} 
sampleset record: [[ 1  1 -1 -1 -1 -1 -1  1 -1  1 -1 -1 -1  1 -1]
 [-1 -1  1  1  1  1  1 -1  1 -1  1  1  1 -1  1]
 [ 1 -1  1  1 -1  1 -1  1  1 -1 -1  1  1  1 -1]
 [ 1 -1 -1 -1 -1 -1 -1  1 -1  1 -1 -1 -1  1 -1]
 [-1  1  1  1  1  1  1 -1  1 -1  1  1  1 -1  1]
 [ 1  1 -1 -1 -1 -1 -1  1 -1  1 -1 -1 -1  1 -1]
 [ 1 -1  1  1  1  1 -1  1  1  1 -1 -1  1  1 -1]
 [-1  1 -1 -1  1  1  1 -1  1 -1  1  1  1  1  1]
 [ 1 -1  1  1 -1 -1 -1  1 -1  1 -1 -1 -1 -1 -1]
 [ 1  1 -1 -1  1 -1  1 -1 -1  1 -1 -1 -1  1  1]
 [ 1 -1  1  1  1  1 -1  1  1 -1 -1  1  1  1 -1]
 [-1 -1  1  1  1  1  1 -1  1 -1  1  1  1  1  1]
 [ 1 -1  1  1 -1 -1 -1  1 -1  1 -1 -1  1  1 -1]
 [-1  1 -1 -1  1  1  1 -1  1 -1  1  1 -1 -1  1]
 [ 1  1 -1 -1 -1 -1 -1  1 -1  1 -1 -1 -1  1  1]
 [ 1  1  1 -1 -1 -1 -1 -1 -1  1 -1 -1 -1 -1 -1]
 [ 1  1 -1 -1  1 -1 -1 -1 -1  1 -1 -1 -1  1  1]
 [ 1 -1  1  1 -1  1 -1  1  1 -1 -1 -1  1  1 -1]
 [-1 -1  1  1 -1  1  1 -1  1 -1  1  1  1 -1 -1]
 [-1 -1  1  1 -1  1  1 -1 -1 -1  1  1  1 -1 -1]
 [ 1 -1  1 -1  1  1 -1  1  1  1 -1 -1  1  1 -1]
 [ 1  1 -1 -1 -1 -1 -1 -1 -1  1 -1 -1 -1  1 -1]
 [-1  1 -1 -1  1  1  1  1  1 -1  1  1  1  1  1]
 [ 1  1 -1 -1  1 -1 -1  1  1  1 -1 -1  1  1 -1]
 [ 1 -1  1  1  1  1 -1  1  1  1 -1  1  1  1 -1]
 [-1 -1  1  1  1  1  1 -1 -1  1  1  1 -1 -1  1]
 [ 1  1 -1 -1  1 -1 -1  1  1  1 -1 -1 -1  1 -1]
 [-1 -1 -1  1  1  1 -1  1  1  1  1  1  1  1  1]
 [ 1  1  1 -1 -1 -1 -1  1 -1  1 -1 -1 -1  1 -1]
 [ 1 -1  1  1 -1  1 -1 -1  1 -1 -1  1  1  1 -1]
 [ 1  1 -1 -1 -1 -1 -1  1  1  1 -1 -1 -1  1 -1]
 [ 1 -1  1  1 -1  1 -1  1 -1  1 -1 -1  1  1 -1]
 [-1  1 -1 -1  1 -1  1 -1  1 -1  1  1 -1 -1  1]
 [ 1  1 -1 -1  1 -1 -1  1 -1  1 -1 -1 -1  1 -1]
 [-1 -1  1  1 -1  1 -1 -1 -1 -1  1  1 -1 -1  1]
 [ 1 -1  1  1 -1  1 -1  1  1  1 -1 -1  1  1 -1]
 [ 1 -1  1  1 -1 -1 -1 -1 -1 -1 -1 -1 -1 -1 -1]
 [ 1 -1  1  1  1  1 -1  1  1 -1 -1  1  1  1  1]
 [-1 -1  1  1 -1  1  1  1  1 -1  1  1  1 -1  1]
 [ 1 -1  1  1 -1  1 -1  1  1 -1 -1  1  1  1 -1]
 [ 1  1 -1 -1 -1 -1 -1  1 -1  1 -1 -1  1  1 -1]] 
sampleset energy: [-18.64 -18.64 -18.36 -18.   -18.   -18.64 -17.8  -17.76 -17.76 -17.68
 -17.48 -17.34 -17.32 -17.32 -17.24 -17.   -16.98 -16.74 -16.44 -16.2
 -16.06 -15.94 -15.9  -15.9  -15.7  -15.64 -15.6  -15.44 -14.6  -15.42
 -15.36 -15.28 -15.28 -15.16 -14.52 -14.4  -14.24 -13.6  -13.3  -18.36
 -15.42] 
Chain strength: 2.6936249017097964, Ground state probability: 0.39
Ground state is: Sample(sample={0: 1, 1: 1, 2: -1, 3: -1, 4: -1, 5: -1, 6: -1, 7: 1, 8: -1, 9: 1, 10: -1, 11: -1, 12: -1, 13: 1, 14: -1}, energy=-18.640000000000008, num_occurrences=30, chain_break_fraction=0.0), Ground state energy: -18.640000000000008
------annealing = 1000, numread = 100
sampleset info: {'timing': {'qpu_sampling_time': 136996.0, 'qpu_anneal_time_per_sample': 1000.0, 'qpu_readout_time_per_sample': 349.42, 'qpu_access_time': 147927.91, 'qpu_access_overhead_time': 634.09, 'qpu_programming_time': 10931.91, 'qpu_delay_time_per_sample': 20.54, 'post_processing_overhead_time': 659.0, 'total_post_processing_time': 659.0}, 'problem_id': '01d023c1-ae8a-4471-890e-a28303583fcd', 'embedding_context': {'embedding': {1: (1753, 1881, 1884, 1892, 1900, 1908), 0: (1758, 1766, 1782, 1768, 1774), 2: (1891, 1781, 1763, 1765, 1773), 3: (1911, 1903, 1761, 1889, 1895), 4: (2030, 2027, 1643, 1771, 1899), 5: (1901, 1651, 1779, 1909, 1907), 6: (1910, 1769, 1897, 1894, 1902), 7: (1904, 1644, 1776, 1648, 1652), 8: (1752, 1756, 1764, 1772, 1780), 9: (1888, 1653, 1760, 1645, 1637, 1632), 10: (1905, 1646, 1654, 1777, 1649), 11: (1783, 1775, 1759, 1767), 12: (1655, 1890, 1762, 1634, 1639, 1647), 13: (1642, 1770, 2026, 1898), 14: (2028, 2036, 1650, 1778, 1906, 2034)}, 'chain_break_method': 'majority_vote', 'embedding_parameters': {}, 'chain_strength': 2.6936249017097964}, 'warnings': []} 
sampleset record: [[ 1  1 -1 -1 -1 -1 -1  1 -1  1 -1 -1 -1  1 -1]
 [-1 -1  1  1  1  1  1 -1  1 -1  1  1  1 -1  1]
 [ 1 -1  1  1 -1  1 -1  1  1 -1 -1  1  1  1 -1]
 [-1  1 -1 -1  1 -1  1 -1 -1  1  1 -1 -1 -1  1]
 [-1  1  1  1  1  1  1 -1  1 -1  1  1  1 -1  1]
 [ 1 -1 -1 -1 -1 -1 -1  1 -1  1 -1 -1 -1  1 -1]
 [-1  1 -1 -1 -1 -1  1 -1 -1 -1  1  1 -1 -1  1]
 [ 1 -1  1  1 -1 -1 -1  1 -1  1 -1 -1 -1 -1 -1]
 [ 1 -1  1  1  1  1 -1  1  1 -1 -1  1  1  1 -1]
 [-1  1 -1 -1 -1 -1  1 -1 -1  1  1 -1 -1 -1  1]
 [-1 -1  1  1  1  1  1 -1  1 -1  1  1  1  1  1]
 [-1 -1  1  1  1  1  1 -1  1 -1  1  1  1 -1 -1]
 [ 1 -1  1 -1 -1 -1 -1  1 -1  1 -1 -1 -1  1 -1]
 [ 1  1  1 -1 -1 -1 -1 -1 -1  1 -1 -1 -1 -1 -1]
 [-1 -1 -1  1  1  1  1  1  1 -1  1  1  1  1  1]
 [-1 -1  1  1 -1  1  1  1  1 -1  1  1  1 -1 -1]
 [ 1  1 -1 -1 -1 -1 -1 -1 -1  1 -1 -1 -1  1  1]
 [ 1 -1 -1 -1 -1 -1 -1  1 -1  1 -1 -1 -1  1 -1]
 [ 1 -1  1  1 -1 -1 -1  1 -1  1 -1 -1 -1  1 -1]
 [ 1 -1  1 -1 -1 -1 -1  1 -1  1 -1 -1 -1 -1 -1]
 [ 1  1 -1 -1 -1 -1  1  1 -1  1 -1 -1 -1 -1 -1]
 [-1  1  1  1 -1  1  1 -1  1 -1  1  1  1 -1  1]
 [ 1  1  1 -1 -1 -1  1 -1 -1  1 -1 -1 -1 -1 -1]
 [-1  1 -1  1  1  1  1  1  1 -1  1  1  1 -1  1]
 [ 1 -1  1  1 -1  1 -1  1  1 -1  1  1  1  1 -1]
 [ 1  1  1 -1 -1 -1 -1  1 -1  1 -1 -1 -1 -1 -1]
 [-1  1  1 -1  1  1  1 -1  1 -1  1  1  1 -1  1]
 [-1  1  1 -1  1  1  1 -1  1 -1  1  1 -1 -1  1]
 [ 1  1 -1 -1  1 -1 -1  1  1  1 -1 -1 -1  1 -1]
 [-1 -1 -1  1  1  1  1 -1 -1  1  1  1 -1 -1  1]
 [-1  1  1 -1 -1  1  1 -1  1 -1  1  1  1 -1 -1]
 [-1  1 -1 -1 -1 -1  1 -1  1 -1  1  1 -1 -1  1]
 [ 1 -1  1  1 -1 -1 -1 -1 -1 -1 -1 -1 -1 -1 -1]
 [-1  1 -1  1  1  1  1  1  1 -1  1  1  1 -1 -1]
 [-1  1 -1 -1  1 -1  1 -1 -1  1  1 -1 -1 -1  1]] 
sampleset energy: [-18.64 -18.64 -18.36 -18.36 -18.   -18.   -17.8  -17.76 -17.48 -17.48
 -17.34 -17.24 -17.08 -17.   -17.   -16.98 -16.94 -18.   -16.5  -16.42
 -16.4  -16.36 -16.14 -16.1  -15.92 -15.9  -15.78 -15.64 -15.6  -15.4
 -15.34 -14.96 -14.24 -13.74 -18.36] 
Chain strength: 2.6936249017097964, Ground state probability: 0.52
Ground state is: Sample(sample={0: 1, 1: 1, 2: -1, 3: -1, 4: -1, 5: -1, 6: -1, 7: 1, 8: -1, 9: 1, 10: -1, 11: -1, 12: -1, 13: 1, 14: -1}, energy=-18.640000000000008, num_occurrences=27, chain_break_fraction=0.0), Ground state energy: -18.640000000000008
