1 2 0.92 
1 3 0.53
1 4 0.08
1 5 0.72
1 6 -0.71
1 7 -0.14
1 8 0.2
1 9 -0.2
1 10 0.52
1 11 -0.47
1 12 -0.74
1 13 0.1
1 14 0.61
1 15 0.22
1 16 -0.31
1 17 0.86
1 18 0.65
1 19 -0.24
1 20 -0.56
1 21 -0.09
1 22 -0.41
1 23 0.38
1 24 -0.76
1 25 0.28
1 26 -0.23
1 27 -0.56
1 28 0.69
1 29 -0.95
1 30 -0.95
1 31 -0.66
1 32 -0.92
1 33 -0.06
1 34 0.98
1 35 0.12
2 3 0.42
2 4 -0.47
2 5 0.9
2 6 -0.52
2 7 0.15
2 8 -0.29
2 9 -0.49
2 10 0.06
2 11 -0.4
2 12 0.38
2 13 0.07
2 14 0.8
2 15 -0.07
2 16 0.76
2 17 0.31
2 18 0.84
2 19 -0.13
2 20 0.16
2 21 -0.86
2 22 0.48
2 23 -0.11
2 24 0.64
2 25 -0.24
2 26 0.18
2 27 0.94
2 28 -0.92
2 29 0.03
2 30 -0.62
2 31 0.48
2 32 -0.2
2 33 0.93
2 34 -0.17
2 35 -0.8
3 4 -0.33
3 5 0.77
3 6 0.78 
3 7 -0.94
3 8 0.2
3 9 0.88
3 10 0.19
3 11 -0.16
3 12 0.02
3 13 -0.2
3 14 -0.2
3 15 -0.48
3 16 -0.01
3 17 -0.54
3 18 0.98
3 19 -0.83
3 20 -0.04
3 21 -0.67
3 22 -0.75
3 23 0.65
3 24 0.43
3 25 0.12
3 26 -0.92
3 27 0.52
3 28 0.33
3 29 -0.34
3 30 0.32
3 31 0.01
3 32 0.42
3 33 -0.93
3 34 -0.25
3 35 -0.12
4 5 0.74
4 6 -0.61
4 7 0.14
4 8 0.79
4 9 -0.32
4 10 0.42
4 11 0.72
4 12 0.91
4 13 -0.93
4 14 0.63
4 15 0.27
4 16 -0.42
4 17 -0.41
4 18 -0.33
4 19 0.31
4 20 0.98
4 21 0.96
4 22 -0.77
4 23 0.51
4 24 0.74
4 25 0.07
4 26 -0.66
4 27 -0.43
4 28 0.31
4 29 -0.44
4 30 0.27
4 31 0.61
4 32 0.85
4 33 -0.35
4 34 -0.63
4 35 -0.96
5 6 -0.26
5 7 -0.67
5 8 -0.81
5 9 -0.06
5 10 -0.81
5 11 -0.08
5 12 -0.82
5 13 0.09
5 14 0.6
5 15 0.39
5 16 0.39
5 17 -1.0
5 18 0.17
5 19 -0.52
5 20 -0.73
5 21 0.1
5 22 -0.02
5 23 -0.99
5 24 0.46
5 25 -0.62
5 26 0.53
5 27 0.54
5 28 -0.82
5 29 -1.0
5 30 0.21
5 31 -0.97
5 32 -0.52
5 33 -0.66
5 34 0.8
5 35 0.03
6 7 -0.7
6 8 -0.25
6 9 -0.78
6 10 0.1 
6 11 0.17
6 12 0.33
6 13 -0.69
6 14 -0.59
6 15 0.33
6 16 0.36
6 17 0.4
6 18 -0.12
6 19 0.61
6 20 -0.59
6 21 0.05
6 22 0.74
6 23 0.7
6 24 -0.15
6 25 0.34
6 26 -0.61
6 27 -0.02
6 28 -0.92
6 29 0.98
6 30 0.83
6 31 0.39
6 32 -0.09
6 33 0.89
6 34 0.11
6 35 0.46
7 8 0.96
7 9 -0.43
7 10 0.44
7 11 0.69
7 12 -0.88
7 13 -0.03
7 14 -0.42
7 15 0.37
7 16 -0.82
7 17 -0.36
7 18 0.97
7 19 0.46
7 20 0.57
7 21 -0.88
7 22 -0.2
7 23 -0.81
7 24 0.18
7 25 0.72
7 26 -0.15
7 27 -0.44
7 28 0.55
7 29 -0.17
7 30 1.0
7 31 -0.66
7 32 0.67
7 33 0.39
7 34 0.35
7 35 0.32
8 9 -0.91
8 10 -0.65
8 11 -0.96
8 12 0.05
8 13 0.71
8 14 0.05
8 15 0.17
8 16 0.64
8 17 0.21
8 18 0.77
8 19 -0.7
8 20 0.67
8 21 0.39
8 22 -0.8
8 23 0.81
8 24 -0.79
8 25 -0.64
8 26 -0.92
8 27 0.49
8 28 -0.72
8 29 -0.75
8 30 -0.81
8 31 0.25
8 32 0.75
8 33 0.36
8 34 -0.05
8 35 -0.12
9 10 0.14
9 11 -0.11
9 12 0.43
9 13 -0.32
9 14 -0.95
9 15 0.64
9 16 -0.65
9 17 0.04
9 18 -0.12
9 19 -0.55
9 20 0.86 
9 21 -0.93
9 22 0.42
9 23 -0.37
9 24 -0.49
9 25 0.71
9 26 -0.83
9 27 0.1
9 28 0.04
9 29 -0.34
9 30 -0.2
9 31 -0.23
9 32 0.36
9 33 -0.12
9 34 -0.66
9 35 -0.52
10 11 0.75
10 12 -0.94
10 13 -0.33
10 14 0.66
10 15 -0.79
10 16 -0.07
10 17 -0.3
10 18 0.4
10 19 0.19
10 20 -0.88
10 21 0.34
10 22 -0.24
10 23 -0.3
10 24 -0.44
10 25 -0.67
10 26 -0.82
10 27 -0.25
10 28 0.51
10 29 -0.48
10 30 0.36
10 31 -0.78
10 32 0.18
10 33 0.19
10 34 0.62
10 35 0.13
11 12 0.07
11 13 -0.03
11 14 -0.2
11 15 0.7
11 16 0.55
11 17 -0.56
11 18 -0.8
11 19 0.16
11 20 0.47
11 21 -0.47
11 22 0.44
11 23 -0.33
11 24 0.32
11 25 0.39
11 26 -0.11
11 27 -0.5
11 28 0.81
11 29 -0.99
11 30 -0.24
11 31 0.18
11 32 -0.19
11 33 0.6
11 34 -0.48
11 35 -0.49
12 13 0.13
12 14 -0.11
12 15 -0.87
12 16 -0.63
12 17 0.29
12 18 0.9
12 19 0.4
12 20 -0.78
12 21 -0.89
12 22 -0.48
12 23 0.32
12 24 -0.24
12 25 0.34
12 26 0.02
12 27 -0.38
12 28 -0.77
12 29 0.97
12 30 0.06
12 31 -0.55
12 32 -0.11
12 33 0.33
12 34 0.17
12 35 -0.02
13 14 0.93
13 15 -0.28
13 16 0.82
13 17 -0.65
13 18 0.95
13 19 0.42
13 20 -0.49
13 21 0.44
13 22 0.47
13 23 -0.16
13 24 0.97
13 25 0.36
13 26 -0.6
13 27 0.22
13 28 -0.31
13 29 0.34
13 30 -0.57
13 31 -0.77
13 32 -0.69
13 33 -0.5
13 34 0.24 
13 35 -0.6
14 15 0.8
14 16 0.61
14 17 -0.71
14 18 0.06
14 19 -0.24
14 20 0.86
14 21 -0.71
14 22 -0.2
14 23 -0.8
14 24 -0.82
14 25 0.26
14 26 -0.47
14 27 0.98
14 28 0.48
14 29 0.84
14 30 -1.0
14 31 -0.26
14 32 0.87
14 33 -0.01
14 34 -0.45
14 35 0.61
15 16 -0.94
15 17 -0.83
15 18 0.01
15 19 -0.99 
15 20 -0.25
15 21 -0.17
15 22 0.43
15 23 0.15
15 24 0.14
15 25 -0.37
15 26 -0.53
15 27 -0.48
15 28 -0.14
15 29 0.49
15 30 0.3
15 31 0.01
15 32 -0.86
15 33 0.6
15 34 0.79
15 35 -1.0
16 17 -0.63
16 18 0.38
16 19 0.35
16 20 -0.63
16 21 -0.72
16 22 0.03
16 23 -0.84
16 24 -0.94
16 25 -0.38
16 26 -0.76
16 27 0.14
16 28 0.13
16 29 0.88
16 30 -0.29
16 31 0.66
16 32 -0.2
16 33 -0.91
16 34 -0.03
16 35 -0.67
17 18 -0.88
17 19 -0.44
17 20 0.23
17 21 0.73
17 22 0.99
17 23 -0.17
17 24 0.99
17 25 0.12
17 26 0.74
17 27 0.49
17 28 -0.6
17 29 0.35
17 30 -0.49
17 31 0.03
17 32 -0.54
17 33 -0.75
17 34 0.6
17 35 -0.54
18 19 0.79
18 20 0.19
18 21 -0.49 
18 22 -0.09
18 23 -0.69
18 24 -0.55
18 25 -0.29
18 26 -0.17
18 27 0.37
18 28 -0.95
18 29 -0.18
18 30 -0.71
18 31 -0.22
18 32 -0.48
18 33 -0.0
18 34 -0.16
18 35 0.21
19 20 -0.4
19 21 0.43
19 22 -0.64
19 23 0.66
19 24 0.47
19 25 0.33
19 26 0.46
19 27 -0.93
19 28 -0.74
19 29 -0.31
19 30 0.85
19 31 -0.94
19 32 0.96
19 33 0.94
19 34 0.03
19 35 0.69
20 21 -0.08
20 22 -0.58
20 23 -0.58
20 24 0.38
20 25 0.09
20 26 -0.1
20 27 -0.12
20 28 0.56
20 29 -0.83
20 30 -0.04
20 31 -1.0
20 32 -0.61
20 33 -0.51
20 34 0.28
20 35 0.99
21 22 0.96
21 23 0.19
21 24 0.29
21 25 0.24
21 26 0.59
21 27 -0.38
21 28 -0.18
21 29 -0.69
21 30 -0.8
21 31 -0.49
21 32 0.54
21 33 -0.59
21 34 0.67
21 35 -0.99
22 23 -0.74
22 24 0.19
22 25 0.78
22 26 0.36
22 27 -0.29
22 28 -0.52
22 29 0.96
22 30 0.89
22 31 -0.42
22 32 0.53
22 33 0.22
22 34 0.18
22 35 0.81
23 24 -0.33
23 25 0.06
23 26 0.61
23 27 0.26
23 28 0.08
23 29 0.44
23 30 0.24
23 31 -0.43
23 32 -0.42
23 33 0.01
23 34 0.51
23 35 0.65
24 25 0.91
24 26 0.38
24 27 -0.79
24 28 0.05
24 29 0.65
24 30 -0.41
24 31 0.59
24 32 -0.84
24 33 -0.51
24 34 -0.33
24 35 -0.23
25 26 0.77 
25 27 -0.47
25 28 0.16
25 29 0.78
25 30 -0.55
25 31 -0.15
25 32 -0.49
25 33 0.55
25 34 -0.64
25 35 0.77
26 27 -0.29
26 28 -0.05
26 29 0.93
26 30 0.45
26 31 0.77
26 32 -0.35
26 33 -0.63
26 34 0.17
26 35 -0.77
27 28 -0.66
27 29 0.16
27 30 0.84
27 31 0.01
27 32 -0.7
27 33 -0.11
27 34 1.0
27 35 0.13
28 29 -0.09
28 30 0.46
28 31 -0.87
28 32 0.22
28 33 -0.49
28 34 -0.83
28 35 -0.18
29 30 0.55
29 31 -0.49
29 32 0.77
29 33 0.0
29 34 0.76
29 35 0.61
30 31 0.02
30 32 -0.28
30 33 -0.09
30 34 0.57
30 35 0.52
31 32 0.16
31 33 0.2
31 34 0.67
31 35 -0.27
32 33 0.17
32 34 -0.11
32 35 0.93
33 34 0.35
33 35 0.21
34 35 0.23