------annealing = 1000, numread = 200
sampleset info: {'timing': {'qpu_sampling_time': 273992.0, 'qpu_anneal_time_per_sample': 1000.0, 'qpu_readout_time_per_sample': 349.42, 'qpu_access_time': 284928.51, 'qpu_access_overhead_time': 1225.49, 'qpu_programming_time': 10936.51, 'qpu_delay_time_per_sample': 20.54, 'post_processing_overhead_time': 2031.0, 'total_post_processing_time': 2031.0}, 'problem_id': 'bc681013-00e8-4838-a765-671405db1444', 'embedding_context': {'embedding': {1: (362, 364, 340, 348, 356), 0: (336, 464, 468, 484, 476), 2: (363, 366, 342, 350, 358), 3: (481, 353, 222, 230, 225), 4: (337, 465, 485, 477, 469), 5: (604, 217, 345, 473, 601), 6: (227, 355, 483, 478, 486), 7: (220, 228, 480, 352, 224), 8: (221, 229, 482, 354, 226), 9: (607, 603, 219, 347, 475), 10: (487, 479, 339, 467, 471), 11: (341, 344, 357, 349), 12: (218, 346, 602, 474), 13: (367, 343, 351, 359), 14: (231, 466, 223, 215, 210, 338)}, 'chain_break_method': 'majority_vote', 'embedding_parameters': {}, 'chain_strength': 2.9802254226506646}, 'warnings': []} 
sampleset record: [[ 1  1 -1 -1 -1 -1 -1  1 -1  1 -1 -1 -1  1 -1]
 [-1 -1  1  1  1  1  1 -1  1 -1  1  1  1 -1  1]
 [-1  1 -1 -1  1 -1  1 -1 -1  1  1 -1 -1 -1  1]
 [ 1 -1  1  1 -1  1 -1  1  1 -1 -1  1  1  1 -1]
 [ 1 -1 -1 -1 -1 -1 -1  1 -1  1 -1 -1 -1  1 -1]
 [-1  1  1  1  1  1  1 -1  1 -1  1  1  1 -1  1]
 [ 1 -1  1  1 -1 -1 -1  1 -1  1 -1 -1 -1 -1 -1]
 [-1  1 -1 -1  1  1  1 -1  1 -1  1  1  1  1  1]
 [-1 -1  1  1 -1  1 -1  1  1 -1  1  1  1 -1 -1]
 [ 1  1 -1 -1  1 -1  1 -1 -1  1 -1 -1 -1  1  1]
 [ 1 -1  1  1  1  1 -1  1  1 -1 -1  1  1  1 -1]
 [ 1  1 -1 -1 -1 -1 -1  1 -1  1 -1 -1 -1 -1 -1]
 [-1 -1  1  1  1  1  1 -1  1 -1  1  1  1  1  1]
 [ 1 -1  1  1 -1 -1 -1  1 -1  1 -1 -1  1  1 -1]
 [-1 -1  1  1  1  1  1 -1  1 -1  1  1  1 -1 -1]
 [ 1  1 -1 -1 -1 -1 -1  1 -1  1 -1 -1 -1  1  1]
 [-1 -1 -1  1  1  1  1  1  1  1  1  1  1  1  1]
 [-1  1 -1  1  1  1  1 -1  1 -1  1  1  1 -1  1]
 [ 1 -1  1  1 -1  1 -1  1 -1 -1 -1  1  1  1 -1]
 [-1 -1 -1  1  1  1  1  1  1 -1  1  1  1  1  1]
 [-1 -1  1  1  1  1  1  1  1 -1  1  1  1 -1 -1]
 [ 1  1 -1 -1 -1 -1 -1 -1 -1  1 -1 -1 -1  1  1]
 [-1  1  1  1 -1  1  1 -1  1 -1  1  1  1 -1 -1]
 [ 1 -1 -1 -1  1 -1 -1  1 -1  1 -1 -1 -1  1  1]
 [-1  1 -1 -1  1  1  1 -1  1 -1  1  1  1 -1  1]
 [ 1  1 -1 -1 -1 -1  1  1 -1  1 -1 -1 -1 -1 -1]
 [-1 -1  1  1  1  1 -1  1  1 -1  1  1  1  1  1]
 [-1 -1  1  1 -1  1  1 -1 -1 -1  1  1  1 -1 -1]
 [ 1  1 -1 -1  1 -1 -1  1  1  1 -1 -1 -1  1  1]
 [ 1 -1  1 -1 -1 -1 -1 -1 -1  1 -1 -1 -1  1 -1]
 [ 1 -1  1 -1  1  1 -1  1  1  1 -1 -1  1  1 -1]
 [ 1  1 -1 -1 -1 -1 -1  1  1  1 -1 -1  1  1 -1]
 [-1 -1  1  1  1  1  1 -1 -1 -1  1  1 -1 -1  1]
 [ 1 -1  1  1 -1 -1 -1 -1 -1  1 -1 -1 -1 -1 -1]
 [-1  1 -1 -1  1  1  1  1  1 -1  1  1  1  1  1]
 [ 1  1 -1 -1  1 -1 -1  1  1  1 -1 -1  1  1 -1]
 [ 1 -1 -1  1 -1 -1 -1  1 -1  1 -1 -1 -1  1 -1]
 [ 1 -1 -1 -1 -1 -1 -1  1 -1  1 -1 -1 -1  1  1]
 [ 1 -1 -1  1 -1 -1 -1  1 -1  1 -1 -1  1  1 -1]
 [ 1  1 -1 -1 -1 -1 -1  1  1 -1 -1 -1  1  1 -1]
 [-1 -1  1  1  1  1  1 -1 -1  1  1  1 -1 -1  1]
 [-1 -1  1  1 -1  1  1 -1 -1 -1  1  1  1 -1  1]
 [ 1  1 -1 -1 -1 -1 -1  1 -1  1 -1 -1  1  1 -1]
 [-1 -1  1  1  1  1  1 -1  1 -1  1  1 -1 -1  1]
 [ 1  1 -1 -1 -1 -1 -1  1  1  1 -1 -1 -1  1 -1]
 [-1 -1  1  1  1  1  1 -1 -1 -1  1  1  1 -1  1]
 [ 1  1 -1 -1  1 -1  1 -1 -1  1 -1 -1 -1 -1  1]
 [-1 -1  1  1 -1  1 -1 -1 -1 -1  1  1  1 -1 -1]
 [ 1  1 -1 -1  1 -1  1  1  1  1 -1 -1  1  1 -1]
 [ 1 -1 -1  1 -1 -1 -1  1 -1  1 -1 -1 -1 -1 -1]
 [ 1 -1  1  1 -1 -1 -1  1 -1  1 -1  1  1  1 -1]
 [-1  1 -1  1  1  1  1 -1  1 -1  1  1 -1 -1  1]
 [ 1  1  1 -1 -1 -1 -1 -1  1 -1 -1 -1 -1 -1 -1]
 [ 1  1 -1 -1 -1 -1 -1 -1 -1 -1 -1 -1 -1 -1 -1]
 [-1 -1  1 -1  1  1  1 -1  1 -1  1  1  1 -1 -1]
 [ 1 -1  1  1  1  1 -1 -1 -1  1  1  1 -1 -1  1]
 [-1 -1 -1 -1  1  1  1  1  1 -1  1  1  1  1  1]
 [ 1  1 -1 -1 -1 -1 -1  1  1  1 -1 -1 -1 -1 -1]
 [-1 -1  1  1  1  1  1 -1 -1 -1  1  1  1  1  1]
 [-1  1 -1  1  1 -1  1 -1 -1  1  1 -1 -1 -1  1]
 [ 1 -1 -1 -1 -1 -1 -1  1  1  1 -1 -1 -1  1 -1]
 [-1 -1  1  1  1  1  1 -1  1 -1  1  1 -1 -1 -1]
 [-1 -1  1  1  1  1  1  1 -1 -1  1  1  1 -1 -1]
 [-1 -1  1 -1  1  1 -1  1  1 -1 -1  1  1  1 -1]] 
sampleset energy: [-18.64 -18.64 -18.36 -18.36 -18.   -18.   -17.76 -17.76 -17.68 -17.68
 -17.48 -17.34 -17.34 -17.32 -17.24 -17.24 -17.14 -17.08 -17.04 -17.
 -16.94 -16.94 -16.76 -16.76 -16.5  -16.4  -16.22 -16.2  -16.2  -16.1
 -16.06 -16.02 -16.02 -15.9  -15.9  -15.9  -15.78 -15.72 -15.64 -15.64
 -15.64 -15.6  -15.42 -15.42 -15.36 -15.36 -15.02 -14.78 -14.52 -14.44
 -14.34 -14.14 -13.86 -13.26 -13.14 -12.48 -13.58 -12.06 -12.06 -11.98
 -11.84 -11.58 -11.58 -11.16] 
Chain strength: 2.9802254226506646, Ground state probability: 0.255
Ground state is: Sample(sample={0: 1, 1: 1, 2: -1, 3: -1, 4: -1, 5: -1, 6: -1, 7: 1, 8: -1, 9: 1, 10: -1, 11: -1, 12: -1, 13: 1, 14: -1}, energy=-18.640000000000008, num_occurrences=27, chain_break_fraction=0.0), Ground state energy: -18.640000000000008
------annealing = 1000, numread = 200
sampleset info: {'timing': {'qpu_sampling_time': 273992.0, 'qpu_anneal_time_per_sample': 1000.0, 'qpu_readout_time_per_sample': 349.42, 'qpu_access_time': 284965.11, 'qpu_access_overhead_time': 1216.89, 'qpu_programming_time': 10973.11, 'qpu_delay_time_per_sample': 20.54, 'post_processing_overhead_time': 2101.0, 'total_post_processing_time': 2101.0}, 'problem_id': '459dd556-606d-4c16-af1d-ca0e594960d1', 'embedding_context': {'embedding': {1: (229, 237, 104, 360, 232), 0: (90, 94, 118, 110, 102), 2: (486, 480, 96, 224, 352), 3: (358, 366, 114, 242, 370, 374), 4: (115, 243, 230, 238, 246), 5: (113, 241, 359, 369, 367, 375), 6: (97, 357, 353, 225), 7: (483, 99, 227, 355), 8: (356, 364, 363, 107, 235), 9: (100, 116, 106, 108), 10: (89, 117, 109, 93, 101), 11: (95, 119, 111, 103), 12: (231, 239, 247, 240, 112), 13: (228, 244, 105, 233, 236), 14: (484, 482, 98, 226, 354)}, 'chain_break_method': 'majority_vote', 'embedding_parameters': {}, 'chain_strength': 2.9802254226506646}, 'warnings': []} 
sampleset record: [[-1 -1  1  1  1  1  1 -1  1 -1  1  1  1 -1  1]
 [-1  1 -1 -1  1 -1  1 -1 -1  1  1 -1 -1 -1  1]
 [ 1 -1  1  1 -1  1 -1  1  1 -1 -1  1  1  1 -1]
 [ 1 -1 -1 -1 -1 -1 -1  1 -1  1 -1 -1 -1  1 -1]
 [-1  1  1  1  1  1  1 -1  1 -1  1  1  1 -1  1]
 [ 1 -1  1  1  1  1 -1  1  1  1 -1 -1  1  1 -1]
 [-1  1 -1 -1 -1 -1  1 -1 -1 -1  1  1 -1 -1  1]
 [ 1 -1  1  1 -1 -1 -1  1 -1  1 -1 -1 -1 -1 -1]
 [-1  1 -1 -1  1  1  1 -1  1 -1  1  1  1  1  1]
 [-1 -1  1  1 -1  1 -1  1  1 -1  1  1  1 -1 -1]
 [-1  1 -1 -1 -1 -1  1 -1 -1 -1  1  1 -1 -1  1]
 [ 1 -1  1  1  1  1 -1  1  1  1 -1 -1  1  1 -1]
 [-1  1 -1 -1 -1 -1  1 -1 -1  1  1 -1 -1 -1  1]
 [ 1 -1  1  1  1  1 -1  1  1 -1 -1  1  1  1 -1]
 [-1 -1  1  1  1  1  1 -1  1 -1  1  1  1  1  1]
 [ 1 -1  1  1 -1 -1 -1  1 -1  1 -1 -1  1  1 -1]
 [-1  1 -1 -1  1  1  1 -1  1 -1  1  1 -1 -1  1]
 [-1  1 -1 -1  1 -1  1 -1 -1  1  1  1 -1 -1  1]
 [ 1  1 -1 -1 -1 -1 -1  1 -1  1 -1 -1 -1  1  1]
 [-1  1 -1  1  1  1  1 -1  1 -1  1  1  1 -1  1]
 [-1 -1 -1  1  1  1  1  1  1 -1  1  1  1  1  1]
 [ 1  1  1 -1 -1 -1 -1 -1 -1  1 -1 -1 -1 -1 -1]
 [-1 -1  1  1  1  1  1  1  1 -1  1  1  1 -1 -1]
 [-1  1 -1 -1 -1 -1  1 -1 -1  1  1  1 -1 -1  1]
 [ 1 -1  1  1  1  1 -1  1  1 -1 -1 -1  1  1 -1]
 [ 1 -1  1 -1 -1 -1 -1  1 -1  1 -1 -1 -1 -1 -1]
 [ 1 -1  1  1  1  1 -1  1  1 -1 -1  1  1  1 -1]
 [-1 -1  1  1  1  1 -1 -1  1 -1  1  1  1  1  1]
 [-1 -1  1  1  1  1 -1  1  1 -1  1  1  1  1  1]
 [ 1  1 -1 -1  1 -1 -1  1  1  1 -1 -1 -1  1  1]
 [-1 -1 -1  1  1  1 -1  1  1 -1  1  1  1  1  1]
 [-1  1 -1  1 -1 -1  1 -1 -1 -1  1  1 -1 -1  1]
 [ 1 -1  1 -1  1  1 -1  1  1  1 -1 -1  1  1 -1]
 [-1  1 -1 -1  1 -1  1 -1  1 -1  1  1  1  1  1]
 [ 1 -1  1  1 -1  1 -1  1 -1 -1 -1  1  1  1 -1]
 [-1 -1  1  1 -1  1 -1  1 -1 -1  1  1  1 -1 -1]
 [-1 -1  1  1  1  1  1  1  1 -1  1  1  1 -1  1]
 [-1  1 -1  1  1  1  1  1  1 -1  1  1  1  1  1]
 [-1  1 -1 -1  1  1  1  1  1 -1  1  1  1  1  1]
 [-1  1 -1  1 -1 -1  1 -1 -1 -1  1  1 -1 -1  1]
 [ 1 -1  1 -1  1  1 -1  1  1  1 -1 -1  1  1 -1]
 [ 1 -1  1  1  1  1 -1 -1  1 -1  1  1  1  1  1]
 [-1  1 -1 -1 -1 -1  1  1 -1  1 -1 -1 -1 -1 -1]
 [ 1 -1 -1 -1 -1 -1 -1  1 -1  1 -1 -1 -1  1  1]
 [-1  1  1  1  1  1  1 -1  1 -1  1  1  1 -1 -1]
 [-1 -1  1  1  1  1  1  1  1 -1  1  1  1  1  1]
 [ 1  1 -1 -1 -1 -1  1 -1 -1  1 -1 -1 -1  1  1]
 [-1  1 -1 -1  1 -1  1 -1  1 -1  1  1 -1 -1  1]
 [ 1 -1  1  1 -1 -1  1  1 -1  1 -1 -1 -1 -1 -1]
 [-1  1 -1 -1 -1 -1  1 -1  1 -1  1  1 -1 -1  1]
 [-1  1 -1 -1  1  1  1  1  1 -1  1  1  1 -1  1]
 [ 1 -1  1  1  1  1 -1  1  1  1 -1 -1  1  1  1]
 [-1  1 -1 -1 -1 -1  1 -1 -1 -1  1  1 -1 -1 -1]
 [ 1 -1  1  1  1  1 -1 -1  1 -1 -1  1  1  1  1]
 [-1 -1 -1 -1  1  1  1 -1  1 -1  1  1  1  1  1]
 [ 1 -1  1  1  1  1 -1  1  1  1 -1 -1  1  1  1]
 [ 1 -1 -1 -1 -1 -1 -1 -1 -1  1 -1 -1 -1  1  1]
 [ 1 -1  1 -1 -1 -1 -1 -1 -1  1 -1 -1 -1  1  1]
 [-1 -1  1 -1  1  1  1 -1  1 -1  1  1  1  1  1]
 [ 1 -1  1  1  1  1  1  1  1 -1 -1  1  1  1 -1]
 [-1 -1 -1 -1 -1 -1  1 -1 -1  1  1  1 -1 -1  1]
 [ 1 -1  1 -1 -1 -1 -1  1 -1  1 -1 -1 -1  1  1]] 
sampleset energy: [-18.64 -18.36 -18.36 -18.   -18.   -17.8  -17.8  -17.76 -17.76 -17.68
 -17.8  -17.8  -17.48 -17.48 -17.34 -17.32 -17.32 -16.74 -17.24 -17.08
 -17.   -17.   -16.94 -16.54 -16.54 -16.42 -17.48 -16.4  -16.22 -16.2
 -16.14 -16.06 -16.06 -12.96 -17.04 -15.96 -15.94 -15.92 -15.9  -16.06
 -16.06 -15.82 -15.82 -15.72 -15.72 -15.12 -15.12 -15.28 -15.02 -14.96
 -14.16 -14.   -14.   -13.9  -13.84 -14.   -13.82 -13.74 -13.64 -12.66
 -12.46 -12.32] 
Chain strength: 2.9802254226506646, Ground state probability: 0.015
Ground state is: Sample(sample={0: -1, 1: -1, 2: 1, 3: 1, 4: 1, 5: 1, 6: 1, 7: -1, 8: 1, 9: -1, 10: 1, 11: 1, 12: 1, 13: -1, 14: 1}, energy=-18.640000000000008, num_occurrences=3, chain_break_fraction=0.0), Ground state energy: -18.640000000000008
