------annealing = 1000, numread = 200
sampleset info: {'timing': {'qpu_sampling_time': 273992.0, 'qpu_anneal_time_per_sample': 1000.0, 'qpu_readout_time_per_sample': 349.42, 'qpu_access_time': 285037.51, 'qpu_access_overhead_time': 2025.49, 'qpu_programming_time': 11045.51, 'qpu_delay_time_per_sample': 20.54, 'post_processing_overhead_time': 2058.0, 'total_post_processing_time': 2058.0}, 'problem_id': '44fe240c-e7c4-49b8-8c74-e0a8c700b6b8', 'embedding_context': {'embedding': {1: (1633, 1761, 2017, 1889, 2023, 2047, 2039, 2031), 0: (1763, 1635, 1660, 1652, 1644, 1636), 2: (1916, 1908, 2034, 1650, 1778, 1906), 3: (2038, 2046, 1658, 2042, 1786, 1914), 4: (1788, 1760, 1764, 1780, 1772), 5: (1523, 1907, 2035, 1779, 1651), 6: (2036, 2044, 1912, 1656, 1784, 2040), 7: (1643, 1791, 1767, 1771, 1775, 1783), 8: (1634, 1762, 1890, 1918, 1910, 1902, 1894), 9: (2026, 1642, 1770, 1919, 1911, 1903, 1898), 10: (1661, 1653, 1637, 1896, 1768, 1640, 1645), 11: (1524, 1532, 1915, 1531, 2043, 1787, 1659), 12: (1790, 1782, 1766, 1774), 13: (1639, 1663, 1769, 1641, 1655, 1647), 14: (1632, 1662, 1654, 1638, 1646), 15: (1765, 1789, 1781, 1773), 16: (1888, 1899, 1891, 1917, 1893, 1909, 1901), 17: (2045, 2037, 1648, 1776, 2032, 1904), 18: (1525, 1521, 1905, 1649, 2033, 1777), 19: (1526, 1534, 1529, 1913, 2041, 1785, 1657)}, 'chain_break_method': 'majority_vote', 'embedding_parameters': {}, 'chain_strength': 3.1118089182081863}, 'warnings': [{'type': <class 'dwave.system.warnings.ChainLengthWarning'>, 'message': 'Chain length greater than 7', 'level': 30, 'data': {'target_variables': (1633, 1761, 2017, 1889, 2023, 2047, 2039, 2031), 'source_variables': [1]}}]} 
sampleset record: [[-1  1  1 ...  1 -1 -1]
 [ 1 -1 -1 ... -1  1  1]
 [ 1 -1 -1 ... -1  1  1]
 ...
 [-1 -1  1 ...  1  1 -1]
 [-1  1  1 ...  1 -1 -1]
 [-1  1  1 ...  1 -1 -1]] 
sampleset energy: [-28.14 -28.14 -28.12 -28.12 -28.04 -28.04 -28.02 -28.02 -27.72 -27.68
 -27.66 -27.66 -27.46 -27.46 -27.38 -27.38 -26.94 -26.94 -26.62 -26.6
 -26.6  -28.12 -26.42 -26.42 -26.38 -26.28 -26.   -25.98 -25.94 -25.94
 -25.9  -25.7  -25.7  -25.64 -25.44 -25.34 -25.26 -25.26 -24.96 -24.84
 -24.76 -24.6  -24.6  -24.34 -24.2  -24.2  -27.38 -24.06 -24.04 -24.02
 -23.92 -23.92 -28.14 -23.8  -23.76 -23.68 -23.68 -23.62 -23.5  -23.5
 -23.28 -23.06 -22.88 -22.86 -21.28 -22.74 -22.72 -22.7  -22.66 -22.66
 -22.5  -22.36 -25.7  -24.96 -26.94 -24.84 -21.88 -21.7  -28.14 -24.34
 -21.3  -20.28 -19.86 -17.74] 
Chain strength: 3.1118089182081863, Ground state probability: 0.125
Ground state is: Sample(sample={0: -1, 1: 1, 2: 1, 3: 1, 4: 1, 5: -1, 6: 1, 7: -1, 8: 1, 9: 1, 10: -1, 11: 1, 12: -1, 13: 1, 14: 1, 15: -1, 16: 1, 17: 1, 18: -1, 19: -1}, energy=-28.14, num_occurrences=17, chain_break_fraction=0.0), Ground state energy: -28.14
------annealing = 1000, numread = 200
sampleset info: {'timing': {'qpu_sampling_time': 273992.0, 'qpu_anneal_time_per_sample': 1000.0, 'qpu_readout_time_per_sample': 349.42, 'qpu_access_time': 285007.71, 'qpu_access_overhead_time': 2039.29, 'qpu_programming_time': 11015.71, 'qpu_delay_time_per_sample': 20.54, 'post_processing_overhead_time': 2027.0, 'total_post_processing_time': 2027.0}, 'problem_id': 'a8f682d2-78ae-442f-ad7f-d3e3d012f4fe', 'embedding_context': {'embedding': {1: (362, 234, 239, 231, 207, 215, 223), 0: (361, 233, 236, 204, 212, 220, 228), 2: (337, 334, 342, 350, 366, 358), 3: (360, 364, 356, 332, 340, 348), 4: (599, 226, 354, 607, 615, 610, 482), 5: (365, 357, 349, 341, 333), 6: (594, 485, 477, 469, 210, 338, 466), 7: (613, 605, 597, 589, 587, 459, 331, 203), 8: (330, 229, 202, 221, 213, 205), 9: (470, 602, 486, 478, 218, 346, 474), 10: (329, 457, 484, 476, 468, 201, 460), 11: (741, 733, 728, 479, 216, 344, 472, 600), 12: (608, 224, 352, 487, 480), 13: (227, 739, 355, 483, 611), 14: (217, 601, 473, 345), 15: (598, 606, 219, 347, 603, 475), 16: (359, 351, 343, 200, 335, 328), 17: (596, 604, 612, 225, 353, 481, 609), 18: (339, 206, 230, 211, 222, 214), 19: (208, 336, 592, 471, 464)}, 'chain_break_method': 'majority_vote', 'embedding_parameters': {}, 'chain_strength': 3.1118089182081863}, 'warnings': [{'type': <class 'dwave.system.warnings.ChainLengthWarning'>, 'message': 'Chain length greater than 7', 'level': 30, 'data': {'target_variables': (613, 605, 597, 589, 587, 459, 331, 203), 'source_variables': [7]}}, {'type': <class 'dwave.system.warnings.ChainLengthWarning'>, 'message': 'Chain length greater than 7', 'level': 30, 'data': {'target_variables': (741, 733, 728, 479, 216, 344, 472, 600), 'source_variables': [11]}}]} 
sampleset record: [[ 1 -1 -1 ... -1  1  1]
 [ 1 -1 -1 ... -1  1  1]
 [-1  1  1 ...  1 -1 -1]
 ...
 [ 1 -1 -1 ... -1  1  1]
 [ 1 -1  1 ... -1  1  1]
 [ 1 -1  1 ... -1  1  1]] 
sampleset energy: [-28.14 -28.12 -28.12 -28.04 -28.02 -28.02 -27.72 -27.72 -27.68 -27.68
 -27.66 -27.66 -27.46 -27.46 -27.38 -27.38 -26.94 -27.68 -26.42 -26.38
 -26.38 -26.28 -26.08 -26.08 -27.72 -26.38 -25.32 -25.12 -27.38 -25.98
 -25.   -24.88 -26.42 -25.44 -24.42 -24.08 -24.02 -24.08 -23.76 -21.54
 -23.68 -23.58 -23.58 -23.5  -25.12 -22.92 -27.68 -23.12 -27.68 -24.96
 -22.5  -22.1  -23.5  -24.2  -20.86 -20.1  -24.08 -19.08] 
Chain strength: 3.1118089182081863, Ground state probability: 0.025
Ground state is: Sample(sample={0: 1, 1: -1, 2: -1, 3: -1, 4: -1, 5: 1, 6: -1, 7: 1, 8: -1, 9: -1, 10: 1, 11: -1, 12: 1, 13: -1, 14: -1, 15: 1, 16: -1, 17: -1, 18: 1, 19: 1}, energy=-28.14, num_occurrences=5, chain_break_fraction=0.0), Ground state energy: -28.14
