1 2 0.17 
1 3 -0.5
1 4 0.17
1 5 0.77
1 6 0.55
1 7 0.67
1 8 -0.46
1 9 0.02
1 10 0.78
1 11 -0.54
1 12 -0.11
1 13 -0.6
1 14 0.32
1 15 -0.2
1 16 -0.24
1 17 0.18
1 18 0.36
1 19 -0.15
1 20 0.89
1 21 0.68
1 22 0.91
1 23 -0.57
1 24 -0.49
1 25 0.76
1 26 0.5
1 27 0.99
1 28 0.86
1 29 0.51
1 30 0.4
2 3 -0.03
2 4 -0.03
2 5 0.92
2 6 0.79
2 7 0.77
2 8 -0.66
2 9 -0.77
2 10 -0.7
2 11 -0.42
2 12 0.02
2 13 0.26
2 14 -0.47
2 15 -0.2
2 16 0.61
2 17 0.96
2 18 -0.71
2 19 0.38
2 20 -0.57
2 21 0.47
2 22 -0.77
2 23 -0.84
2 24 0.2
2 25 -0.72
2 26 0.71
2 27 -0.32
2 28 -0.51
2 29 0.7
2 30 -0.64
3 4 0.31
3 5 0.77
3 6 0.16
3 7 -0.89
3 8 0.77
3 9 -0.49
3 10 0.74
3 11 0.05
3 12 -0.61
3 13 -0.45
3 14 0.75
3 15 0.93
3 16 0.22
3 17 -0.5
3 18 -0.23
3 19 0.28
3 20 -0.95
3 21 0.22
3 22 -0.57
3 23 -0.09
3 24 -0.69
3 25 -0.85
3 26 -0.01
3 27 -0.5
3 28 -0.18
3 29 0.38
3 30 -0.64
4 5 -0.98
4 6 0.58
4 7 -0.28
4 8 -0.6
4 9 -0.94
4 10 -0.94
4 11 -0.44
4 12 -0.47
4 13 -0.16
4 14 0.28
4 15 -0.85
4 16 0.63
4 17 -0.77
4 18 0.41
4 19 -0.11
4 20 0.18
4 21 -0.24
4 22 -0.91
4 23 -0.31
4 24 0.32
4 25 -0.16
4 26 -0.83
4 27 0.3
4 28 0.38
4 29 -0.06
4 30 0.25
5 6 0.01 
5 7 0.16
5 8 -0.06
5 9 -0.65
5 10 -0.13
5 11 -0.97
5 12 0.63
5 13 -0.75
5 14 0.1
5 15 -0.95
5 16 0.22
5 17 -0.11
5 18 -1.0
5 19 0.12
5 20 1.0
5 21 0.81
5 22 1.0
5 23 -0.89
5 24 0.32
5 25 0.54
5 26 -0.03
5 27 -0.36
5 28 -0.2
5 29 -0.03
5 30 -0.63
6 7 -0.93
6 8 -0.67
6 9 -0.31
6 10 -0.63
6 11 -0.14
6 12 0.25
6 13 -0.54
6 14 0.74
6 15 0.0
6 16 -0.33
6 17 0.21
6 18 -0.27
6 19 0.86 
6 20 -0.03
6 21 -0.98
6 22 0.49
6 23 0.12
6 24 -0.84
6 25 0.11
6 26 0.78
6 27 -0.51
6 28 -0.76
6 29 0.72
6 30 0.68
7 8 -0.68
7 9 0.86
7 10 -0.51
7 11 -0.37
7 12 0.23
7 13 -0.6
7 14 -0.73
7 15 0.59
7 16 -0.91
7 17 -0.96
7 18 -0.26
7 19 -0.83
7 20 0.38
7 21 0.16
7 22 0.06
7 23 0.64
7 24 -0.99
7 25 0.84
7 26 -0.11
7 27 0.58
7 28 0.4
7 29 0.34
7 30 0.25
8 9 0.13
8 10 -0.82
8 11 0.65
8 12 -0.64
8 13 -0.69
8 14 -0.98
8 15 0.03
8 16 0.66
8 17 -0.68
8 18 0.37
8 19 0.84
8 20 -0.46
8 21 0.98
8 22 0.2
8 23 0.6
8 24 -0.24
8 25 0.22
8 26 0.52
8 27 0.76
8 28 0.19
8 29 0.44
8 30 0.58
9 10 0.95
9 11 0.89
9 12 0.25
9 13 -0.46
9 14 0.89
9 15 0.77
9 16 0.43
9 17 -0.37
9 18 0.89
9 19 -0.9
9 20 0.25
9 21 -0.43
9 22 0.07
9 23 -0.62
9 24 -0.65
9 25 -0.42
9 26 -0.55
9 27 0.15
9 28 0.53
9 29 -0.12
9 30 0.39
10 11 -0.21
10 12 -0.76
10 13 -0.64
10 14 0.02
10 15 0.5
10 16 0.86
10 17 0.45
10 18 0.24
10 19 -0.29
10 20 0.05
10 21 0.53
10 22 -0.24
10 23 -0.28
10 24 0.81
10 25 0.28
10 26 0.17
10 27 -0.15
10 28 -0.02
10 29 0.48
10 30 -0.22 
11 12 0.09
11 13 0.34
11 14 0.67
11 15 0.29
11 16 0.28
11 17 0.78
11 18 0.91
11 19 0.63
11 20 -0.59
11 21 -0.52
11 22 -0.34
11 23 0.22
11 24 0.49
11 25 0.43
11 26 -0.16
11 27 0.85
11 28 0.69
11 29 0.05
11 30 -0.83
12 13 -0.42
12 14 0.42
12 15 -0.63
12 16 0.69
12 17 -0.62
12 18 -0.19
12 19 0.05
12 20 0.0
12 21 0.01
12 22 0.26
12 23 -0.04
12 24 0.43
12 25 -0.2
12 26 0.95
12 27 -0.6
12 28 -0.8
12 29 0.67
12 30 -0.0
13 14 -0.11
13 15 -0.32
13 16 -0.02
13 17 -0.13
13 18 0.6
13 19 -0.77
13 20 0.17
13 21 -0.13
13 22 0.28
13 23 0.69
13 24 0.02
13 25 0.18
13 26 0.76
13 27 -0.95
13 28 1.0
13 29 0.31
13 30 -0.6
14 15 0.9
14 16 0.63
14 17 0.26
14 18 -0.62
14 19 -0.43
14 20 -0.71
14 21 -0.86
14 22 0.66
14 23 -0.76
14 24 -0.06
14 25 0.42
14 26 -0.3
14 27 -0.1
14 28 0.21
14 29 0.28
14 30 -0.87
15 16 0.61
15 17 -0.29
15 18 -0.15
15 19 0.38
15 20 0.47
15 21 -0.57
15 22 0.59
15 23 -0.5
15 24 0.74
15 25 0.8
15 26 0.37
15 27 -0.04
15 28 0.0
15 29 0.78
15 30 0.8
16 17 0.73
16 18 0.73
16 19 -0.61
16 20 0.47
16 21 0.66
16 22 -0.84
16 23 0.27
16 24 0.99
16 25 0.59
16 26 -0.06
16 27 0.2
16 28 0.53
16 29 0.53
16 30 -0.26 
17 18 0.49
17 19 -0.45
17 20 -0.34
17 21 0.22
17 22 0.58
17 23 0.41
17 24 0.01
17 25 -0.22
17 26 -0.02
17 27 0.99
17 28 -0.84
17 29 -0.47
17 30 0.15
18 19 0.96
18 20 -0.1
18 21 -0.11
18 22 -0.59
18 23 0.77
18 24 0.09
18 25 0.38
18 26 0.59
18 27 -0.39
18 28 0.04
18 29 -0.5
18 30 -0.29
19 20 -0.34
19 21 0.72
19 22 -0.92
19 23 0.24
19 24 -0.42
19 25 0.06
19 26 -0.34
19 27 -0.54
19 28 -0.59
19 29 -0.9
19 30 0.45
20 21 0.42
20 22 0.77
20 23 -0.01
20 24 -0.74
20 25 0.29
20 26 -0.65
20 27 0.02
20 28 -0.01
20 29 -0.43
20 30 0.63
21 22 -0.77
21 23 0.14
21 24 0.43
21 25 -0.75
21 26 -0.41
21 27 -0.8
21 28 -0.17
21 29 -0.71
21 30 0.96
22 23 -0.69
22 24 -0.75
22 25 -0.45
22 26 0.68
22 27 0.97
22 28 0.09
22 29 -0.85
22 30 0.34
23 24 -0.35
23 25 -0.87
23 26 0.9
23 27 0.29
23 28 -0.5
23 29 0.35
23 30 0.39
24 25 -0.45
24 26 0.54
24 27 0.45
24 28 0.14
24 29 0.94
24 30 -0.12
25 26 0.05
25 27 0.14
25 28 -0.6
25 29 0.94
25 30 0.21
26 27 0.71
26 28 -0.55
26 29 0.15
26 30 0.12
27 28 -0.81
27 29 -0.86
27 30 -0.75
28 29 0.42
28 30 -0.2
29 30 0.8